0 32
0 33
0 34
0 35
0 36
0 37
5 13
5 3
5 17
5 15
9 34
12 22
12 0
12 16
15 17
17 15
20 1
20 12
21 12
24 34
24 9
24 22
25 1
27 1
27 5
27 13
27 31
27 15
29 27
29 1
31 22
31 1
32 38
32 39
32 40
32 41
32 42
32 43
32 0
32 44
32 45
32 46
32 47
32 48
32 49
32 50
32 51
32 52
32 53
33 54
33 55
33 56
33 57
33 58
34 59
34 60
34 61
34 62
34 63
34 64
34 65
34 66
34 67
34 68
34 69
34 70
34 71
34 72
34 73
34 9
34 74
34 75
34 76
34 77
34 78
34 79
34 80
34 81
34 82
34 83
34 84
34 85
34 86
34 87
34 88
34 89
34 90
34 91
34 92
34 93
34 94
34 0
34 95
34 96
34 97
34 98
34 99
34 100
34 101
35 102
35 103
35 104
35 105
35 106
35 107
35 108
35 109
35 110
35 111
35 112
35 113
35 114
35 115
35 116
35 117
35 118
35 119
35 120
35 121
35 122
35 123
35 124
35 125
35 126
35 127
35 128
35 129
35 130
35 131
35 132
35 133
35 134
35 135
35 136
35 137
35 138
35 139
35 140
35 101
35 141
35 142
35 0
35 143
35 144
35 145
35 146
35 147
35 148
35 149
35 150
35 151
35 152
35 153
36 154
36 130
36 155
36 156
36 157
36 158
36 159
36 160
36 161
36 162
36 163
36 164
36 165
36 166
36 167
36 168
36 169
36 170
36 171
36 172
36 173
36 25
36 174
36 175
36 176
36 26
36 177
36 178
36 179
36 180
36 181
36 182
36 183
36 184
36 185
36 186
36 187
36 188
36 189
36 190
36 191
36 192
36 193
36 194
36 195
36 196
36 197
36 198
36 199
36 200
36 201
36 202
36 203
36 204
36 205
36 206
36 207
36 208
36 209
36 210
36 211
36 212
36 213
36 214
36 215
37 216
37 217
37 218
37 219
37 220
37 221
37 222
37 223
37 224
37 225
37 226
37 227
37 228
37 229
37 230
37 231
37 232
37 233
37 234
37 235
37 236
37 0
37 237
37 238
37 239
37 240
37 241
37 242
37 243
37 244
37 245
37 246
37 247
37 248
37 249
37 250
37 251
37 252
37 253
37 254
37 255
37 256
37 257
37 258
37 259
37 260
37 261
37 262
37 263
37 264
37 265
37 266
37 267
37 268
37 269
37 270
37 271
37 272
37 273
37 274
37 275
37 276
37 277
38 32
38 40
39 278
39 27
39 279
39 280
39 281
39 32
39 282
39 283
39 284
40 285
40 38
40 286
40 287
40 288
40 289
40 290
40 291
40 292
40 293
40 43
40 51
40 49
40 10
40 294
40 295
40 296
40 297
40 298
40 299
40 300
40 301
40 302
40 303
40 46
40 304
40 305
40 306
40 32
40 307
40 308
40 309
40 310
42 311
42 312
42 313
42 32
42 314
42 315
42 316
42 317
42 318
42 319
42 320
42 321
42 322
42 323
42 324
42 325
42 326
42 327
43 328
43 329
43 330
43 331
43 332
43 333
43 334
43 335
43 336
43 337
43 338
43 339
43 340
43 341
43 342
43 343
43 344
43 345
43 346
43 347
43 348
43 349
43 350
43 351
43 352
43 353
43 354
43 355
43 50
43 356
43 357
43 358
43 359
43 360
43 361
43 362
43 363
43 364
43 365
43 366
43 367
43 368
43 369
43 370
43 371
43 372
43 373
43 374
43 375
43 162
43 376
43 377
43 378
43 379
43 380
43 381
43 382
43 383
43 384
43 385
43 386
43 51
44 197
44 175
44 32
44 18
44 10
44 148
45 0
45 32
46 374
46 308
46 290
46 189
46 43
46 293
47 53
48 162
48 5
48 148
49 383
49 13
49 38
49 5
49 298
49 331
49 346
49 338
49 372
49 360
49 289
49 374
49 40
50 355
50 305
50 46
50 51
50 290
50 49
50 383
50 32
51 48
51 171
51 1
51 31
51 13
51 40
52 103
52 27
52 15
52 5
52 13
52 318
55 33
59 103
59 60
59 65
60 318
60 34
60 65
60 59
61 99
62 3
65 59
65 158
65 25
66 34
68 169
68 198
68 182
71 83
71 22
71 10
72 10
72 7
72 188
72 99
72 8
72 239
72 384
72 270
72 262
74 6
74 9
74 22
74 8
74 24
78 31
78 25
78 23
78 13
78 7
78 186
78 10
78 308
78 83
78 84
78 24
78 34
78 158
78 270
78 6
79 1
79 31
79 126
79 34
80 186
81 34
85 7
85 34
86 34
87 202
87 186
87 308
87 124
87 189
91 34
91 83
94 34
95 208
95 118
95 34
95 98
95 265
95 240
96 96
97 171
97 101
97 85
97 74
98 104
98 101
99 34
100 208
100 224
100 128
100 191
101 104
101 152
101 144
101 98
101 147
101 140
101 145
101 151
101 308
101 57
101 58
104 144
104 35
104 150
104 151
104 98
104 101
104 140
105 184
105 186
105 35
106 129
106 35
106 0
106 152
109 168
109 41
109 311
110 165
111 141
111 25
111 146
111 10
111 24
111 3
111 9
111 295
113 197
113 84
113 125
113 128
113 132
113 129
113 137
113 101
113 139
113 145
113 151
113 149
113 148
113 152
113 153
113 35
114 121
115 114
116 181
116 165
117 208
117 3
118 202
118 123
118 208
118 138
119 224
119 220
119 260
121 13
121 120
121 3
121 191
121 25
121 208
122 31
122 124
122 35
122 128
122 10
124 189
124 240
124 383
124 305
125 163
125 214
125 213
125 124
125 9
125 132
125 206
125 35
127 139
127 145
127 152
127 146
128 132
128 96
128 148
129 13
129 1
129 63
129 184
129 97
129 250
129 10
129 83
129 35
130 194
130 240
130 82
130 308
132 128
132 148
132 35
133 134
133 249
133 240
133 221
133 217
134 189
134 36
134 255
134 216
134 191
134 138
134 199
137 24
137 353
137 183
137 35
137 57
137 198
138 141
138 240
139 165
139 104
139 136
139 113
139 197
139 124
139 127
139 8
140 104
140 153
140 107
140 144
140 148
140 7
140 146
140 145
140 265
140 151
141 187
143 35
143 150
143 144
143 145
143 353
144 30
144 344
144 104
144 24
144 8
144 6
144 152
144 149
144 186
144 162
144 143
144 151
144 140
145 149
145 171
145 150
145 104
145 152
145 151
145 140
145 24
145 162
145 8
145 143
145 144
146 0
146 262
146 191
146 35
146 305
148 83
148 128
148 353
148 151
149 135
149 101
151 0
151 273
151 149
151 150
151 148
151 353
151 7
151 147
152 145
152 140
152 151
153 113
153 107
153 140
155 174
157 8
158 138
158 121
158 25
160 264
160 68
160 23
163 0
165 189
167 177
167 36
168 101
168 240
168 0
170 7
171 97
173 134
173 93
174 163
175 1
175 3
175 78
175 25
175 13
176 220
177 207
177 386
177 240
177 189
177 124
181 248
181 270
182 248
182 204
183 344
184 305
185 209
185 248
185 134
187 141
188 6
188 262
189 175
189 83
189 24
189 8
189 386
191 231
191 181
193 190
193 180
193 194
194 193
195 26
195 138
195 151
195 383
198 68
199 253
199 277
202 383
202 148
202 138
203 198
203 64
203 175
203 27
203 202
203 13
203 383
204 182
205 240
205 124
205 207
207 8
207 124
208 189
208 8
208 109
210 208
210 186
211 260
211 220
211 262
213 214
214 383
214 125
214 36
214 124
214 213
214 8
214 130
214 295
214 22
217 247
217 231
217 221
217 238
217 239
217 222
217 267
218 217
218 37
219 197
219 31
220 273
220 208
220 267
221 264
221 241
221 138
222 239
222 191
222 138
222 224
222 22
225 103
225 3
225 71
225 1
225 31
225 15
225 10
225 220
225 326
226 158
226 37
227 226
227 257
228 260
228 169
228 259
228 264
228 250
228 241
228 271
228 249
230 260
230 257
230 240
230 266
230 37
233 326
235 37
235 239
235 226
236 37
236 257
236 247
241 220
241 138
241 37
242 226
242 37
243 31
243 17
243 208
243 132
243 178
243 22
244 13
244 154
249 305
249 83
249 197
250 256
250 248
251 262
251 239
252 138
252 0
252 134
255 18
255 10
255 219
255 191
255 197
255 223
255 220
258 97
258 25
258 15
258 8
258 31
258 1
259 264
259 228
259 270
259 265
260 26
260 205
260 194
260 323
262 100
262 247
262 97
262 261
263 250
263 265
263 255
265 259
265 221
266 36
266 57
267 93
267 249
267 37
269 37
272 265
272 37
273 265
276 37
278 5
278 282
278 281
278 39
281 32
281 278
281 39
281 316
282 278
282 295
282 39
282 171
283 282
283 10
283 22
286 40
286 260
286 12
286 223
286 151
286 258
287 40
288 360
288 38
288 378
288 40
288 49
289 32
290 186
290 381
290 376
290 378
290 369
290 368
290 367
290 366
290 365
290 364
290 363
290 362
290 361
290 360
290 359
290 358
290 374
290 12
290 40
291 40
291 7
291 78
291 104
292 16
292 40
292 8
292 297
292 84
293 360
293 298
293 40
293 290
293 123
293 43
293 46
293 49
293 32
293 50
297 292
298 17
298 9
298 7
298 6
299 39
300 84
301 296
301 40
302 40
302 0
302 310
302 292
302 299
304 209
305 184
305 189
305 128
305 169
305 3
305 10
306 0
306 40
306 292
306 310
306 37
306 239
306 138
306 255
308 16
310 38
310 360
310 46
310 288
310 40
310 51
310 292
310 53
311 42
311 315
311 313
312 42
312 88
314 42
314 322
314 169
315 5
315 323
315 191
315 15
316 216
316 189
316 42
317 42
317 323
317 134
318 3
318 31
318 1
318 42
319 42
320 326
320 42
320 128
320 305
320 223
321 17
321 15
321 264
322 42
322 314
322 317
323 191
323 102
323 315
323 322
323 313
324 141
324 187
324 24
324 57
325 322
325 42
325 311
325 128
326 42
327 42
328 43
328 364
328 15
329 43
330 43
330 16
331 103
332 327
332 0
332 138
332 158
332 240
333 335
333 334
334 333
334 335
335 333
336 43
338 96
338 10
338 258
338 22
338 16
340 121
341 25
342 13
342 96
342 5
342 22
343 43
343 383
344 30
344 25
344 13
344 31
344 148
344 15
344 83
344 305
344 183
346 103
346 49
346 43
347 348
348 43
348 347
348 208
349 365
349 350
350 43
352 43
352 187
355 49
355 32
355 50
355 305
357 151
357 24
357 84
359 383
359 369
360 293
360 290
360 43
360 310
360 46
360 306
360 48
360 292
360 51
362 43
362 308
364 13
364 25
364 290
364 43
364 3
364 8
365 349
365 43
365 350
366 120
366 43
372 370
372 5
372 43
374 377
374 376
374 290
374 46
374 49
374 43
377 374
377 43
378 3
378 83
378 353
378 170
378 8
378 22
380 50
380 12
381 381
384 262
385 3
385 8
385 25
385 31
385 162
386 177
386 207
386 189
386 240
386 124
