0 32
0 33
0 34
0 35
0 36
0 37
0 38
0 39
0 40
0 41
0 42
0 43
0 44
0 45
0 46
0 47
0 48
0 49
0 50
0 51
0 52
0 53
0 54
0 55
0 56
0 57
0 58
0 59
0 60
0 61
0 62
0 63
0 64
0 65
0 66
0 67
0 68
0 69
0 70
0 71
0 72
0 73
0 74
0 75
0 76
0 77
0 78
0 79
0 80
0 81
0 82
0 83
0 84
0 85
0 86
0 87
0 88
0 89
0 90
0 91
0 92
0 93
0 94
0 95
0 96
0 97
0 98
0 99
0 100
0 101
0 102
0 103
1 104
1 105
1 106
1 39
1 107
1 108
1 109
1 110
1 111
1 112
1 113
1 114
1 115
1 116
1 117
1 52
1 118
1 119
1 120
1 121
1 122
1 123
1 124
1 125
1 126
1 127
1 128
1 129
1 130
1 131
1 132
1 133
1 134
1 135
1 136
1 137
1 138
1 139
1 140
1 141
1 142
1 143
1 144
1 145
1 146
1 147
1 148
1 149
2 150
2 151
2 152
2 153
2 154
2 155
2 156
2 157
2 158
2 39
2 159
2 160
2 161
2 162
2 163
2 164
2 165
2 166
2 167
2 168
2 169
2 170
2 171
2 172
2 173
2 174
2 175
2 176
2 177
2 178
2 179
2 180
2 181
2 182
2 183
2 184
2 185
2 186
2 187
2 188
2 189
2 59
2 190
2 191
2 192
2 193
2 58
2 194
3 195
3 196
3 197
3 198
3 199
3 200
3 201
3 202
3 203
3 204
3 205
3 33
3 206
3 207
3 208
3 209
3 210
3 211
3 212
3 213
3 214
3 215
3 216
3 217
3 218
3 219
3 220
3 221
3 222
3 223
3 113
3 224
3 225
3 226
3 227
3 228
3 229
3 230
3 231
3 232
3 233
3 234
3 235
3 125
3 236
3 237
3 238
3 239
3 114
3 240
3 241
3 242
3 243
3 244
3 245
3 246
3 247
3 248
3 249
3 250
4 251
4 252
4 253
4 254
4 255
4 256
4 257
4 258
4 259
4 260
4 261
4 262
4 52
4 263
4 264
4 265
4 266
4 267
4 268
4 269
4 270
4 271
4 272
4 273
4 274
4 236
4 275
4 276
4 277
4 278
4 279
4 280
4 281
4 282
4 283
4 284
4 285
4 286
4 287
4 288
4 289
4 290
4 291
4 292
4 293
4 294
4 295
4 296
4 297
4 298
4 299
4 300
4 301
4 302
4 303
4 304
4 305
4 306
4 307
4 308
5 309
5 310
5 311
5 312
5 313
5 314
5 33
5 315
5 316
5 317
5 318
5 319
5 320
5 321
5 322
5 323
5 324
5 325
5 326
5 327
5 328
5 329
5 330
5 331
5 332
5 333
5 334
5 335
5 276
5 336
5 337
5 338
5 61
5 339
5 340
5 341
5 342
5 343
5 140
5 344
5 345
5 243
5 346
5 347
5 348
5 349
5 350
5 351
6 150
6 352
6 353
6 354
6 355
6 356
6 357
6 358
6 359
6 360
6 361
6 61
6 362
6 363
6 364
6 365
6 366
6 367
6 368
6 369
6 370
6 371
6 372
6 373
6 374
6 375
6 376
6 377
6 378
6 379
6 380
6 381
6 382
6 383
6 384
6 385
6 386
6 387
6 388
6 389
6 390
6 391
6 392
6 393
6 394
6 307
6 395
6 396
6 397
6 398
6 399
6 400
6 401
6 402
6 403
6 404
6 405
6 406
6 407
6 408
7 409
7 410
7 411
7 412
7 413
7 414
7 415
7 33
7 416
7 51
7 417
7 418
7 419
7 420
7 133
7 421
7 422
7 423
7 424
7 425
7 426
7 427
7 428
7 429
7 430
7 431
7 432
7 433
7 434
7 307
7 435
7 436
7 408
7 437
7 438
7 439
7 440
7 441
7 442
7 443
7 444
7 445
7 446
7 447
7 448
7 449
7 450
7 451
8 452
8 453
8 454
8 455
8 456
8 457
8 458
8 459
8 460
8 461
8 462
8 463
8 464
8 465
8 466
8 467
8 468
8 469
8 470
8 471
8 472
8 473
8 474
8 475
8 476
8 477
8 478
8 479
8 480
8 481
8 482
8 483
8 484
8 485
8 486
8 487
8 488
8 489
8 490
8 491
8 492
8 493
8 494
8 495
8 496
8 497
8 498
8 499
8 500
8 501
8 502
8 503
8 504
8 505
8 506
8 507
8 508
8 509
8 510
8 511
9 512
9 513
9 514
9 515
9 359
9 516
9 517
9 117
9 518
9 519
9 234
9 120
9 520
9 521
9 522
9 523
9 124
9 524
9 525
9 526
9 527
9 528
9 529
9 134
9 530
9 531
9 532
9 72
9 140
9 533
9 534
9 535
9 536
9 537
9 538
9 539
9 540
9 541
9 542
9 543
9 544
9 545
9 546
9 547
9 548
9 549
9 550
9 551
10 552
10 553
10 411
10 554
10 555
10 33
10 556
10 415
10 216
10 557
10 558
10 559
10 560
10 51
10 561
10 562
10 563
10 481
10 564
10 146
10 565
10 566
10 425
10 567
10 568
10 569
10 570
10 571
10 572
10 573
10 574
10 575
10 386
10 576
10 577
10 578
10 579
10 580
10 581
10 582
10 583
10 584
10 585
10 586
10 587
10 588
10 589
10 590
10 591
10 592
10 395
10 593
10 594
10 595
10 596
10 597
10 598
10 599
10 600
10 601
10 439
10 602
10 603
10 444
10 604
10 605
10 606
10 607
10 608
10 609
10 610
10 611
11 612
11 613
11 614
11 122
11 615
11 616
11 617
11 618
11 619
11 620
11 592
11 621
11 622
11 623
11 624
11 625
11 626
11 627
11 628
11 629
11 630
11 631
11 632
11 633
11 634
11 635
11 636
11 637
11 638
11 639
11 640
11 501
11 641
11 642
11 643
11 644
11 645
11 646
11 647
11 648
11 649
11 650
11 651
11 652
11 653
11 654
11 655
11 656
12 657
12 658
12 659
12 660
12 661
12 662
12 663
12 664
12 665
12 563
12 666
12 667
12 668
12 669
12 670
12 671
12 84
12 672
12 673
12 674
12 675
12 676
12 444
12 677
12 307
12 678
12 679
12 680
12 681
12 682
12 683
12 684
12 685
12 686
12 687
12 688
12 689
12 690
12 691
12 692
12 693
12 694
12 502
12 695
12 696
12 697
12 698
12 699
12 700
12 701
12 702
12 703
12 704
12 705
12 706
12 707
12 708
12 709
12 710
12 711
13 712
13 713
13 714
13 33
13 715
13 716
13 717
13 718
13 719
13 720
13 721
13 722
13 723
13 724
13 725
13 726
13 727
13 728
13 729
13 730
13 731
13 732
13 733
13 221
13 169
13 734
13 735
13 736
13 258
13 737
13 738
13 739
13 740
13 741
13 742
13 122
13 743
13 744
13 745
13 746
13 747
13 748
13 749
13 750
13 751
13 752
13 245
13 753
13 754
13 755
13 756
13 757
13 758
13 759
13 760
13 761
13 246
13 133
13 762
13 763
14 414
14 764
14 765
14 766
14 767
14 378
14 768
14 769
14 770
14 771
14 772
14 773
14 774
14 775
14 776
14 777
14 778
14 779
14 780
14 781
14 782
14 783
14 784
14 785
14 786
14 787
14 788
14 789
14 790
14 791
14 792
14 793
14 794
14 795
14 796
14 797
14 798
14 799
14 800
14 801
14 802
14 803
14 804
14 805
14 806
14 807
14 808
14 809
15 810
15 811
15 812
15 813
15 814
15 815
15 816
15 817
15 818
15 819
15 820
15 821
15 822
15 823
15 824
15 825
15 826
15 827
15 218
15 828
15 829
15 830
15 831
15 832
15 117
15 833
15 834
15 835
15 836
15 837
15 838
15 839
15 124
15 840
15 841
15 842
15 843
15 844
15 123
15 126
15 845
15 846
15 847
15 848
15 849
15 850
15 249
15 851
15 852
15 853
15 854
15 855
15 856
15 857
15 858
15 859
15 860
15 359
15 243
15 861
15 862
15 863
15 864
15 865
15 866
15 867
15 868
15 869
15 349
15 870
15 871
15 872
16 873
16 874
16 875
16 876
16 877
16 878
16 879
16 134
16 880
16 881
16 882
16 563
16 883
16 884
16 885
16 886
16 887
16 888
16 889
16 890
16 891
16 585
16 892
16 893
16 894
16 895
16 769
16 896
16 897
16 898
16 899
16 900
16 901
16 902
16 903
16 904
16 905
16 906
16 907
16 908
16 909
16 910
16 911
16 912
16 913
16 505
16 914
16 915
16 916
16 917
16 918
16 919
16 920
16 921
16 922
16 923
16 924
16 925
16 926
16 927
16 928
16 929
16 930
16 931
16 932
16 933
16 934
16 935
16 936
16 937
16 938
16 939
17 940
17 941
17 942
17 943
17 944
17 945
17 946
17 947
17 948
17 949
17 950
17 951
17 952
17 953
17 954
17 955
17 956
17 957
17 958
17 959
17 960
17 961
17 962
17 963
17 964
17 965
17 966
17 967
17 968
17 969
17 970
17 971
17 972
17 973
17 974
17 975
17 976
17 977
17 978
17 979
17 980
17 981
17 982
17 983
17 984
17 985
17 986
17 987
17 988
17 989
17 990
17 991
17 992
17 993
17 994
17 995
17 996
17 997
17 998
17 999
18 1000
18 1001
18 1002
18 1003
18 1004
18 1005
18 1006
18 1007
18 1008
18 1009
18 1010
18 1011
18 1012
18 1013
18 1014
18 1015
18 1016
18 1017
18 1018
18 1019
18 1020
18 1021
18 1022
18 1023
18 1024
18 1025
18 1026
18 1027
18 1028
18 1029
18 1030
18 1031
18 1032
18 1033
18 1034
18 1035
18 1036
18 1037
18 1038
18 1039
18 1040
18 1041
18 1042
18 1043
18 1044
18 1045
18 1046
18 1047
19 1048
19 1049
19 1050
19 1051
19 1052
19 1053
19 1054
19 1055
19 51
19 1056
19 1057
19 1058
19 1059
19 1060
19 1061
19 752
19 1062
19 1063
19 1064
19 1065
19 1066
19 546
19 1067
19 384
19 1068
19 1069
19 1070
19 1071
19 1072
19 1073
19 395
19 307
19 1074
19 1075
19 1076
19 1077
19 1078
19 1079
19 1080
19 1081
19 1082
19 1083
19 1084
19 1085
19 1086
19 1087
19 1088
19 1089
19 1090
19 1091
19 1092
19 1093
19 1094
19 447
19 1095
19 1096
19 1097
19 1098
19 1099
19 1100
20 1101
20 1102
20 1103
20 1104
20 1105
20 1106
20 1107
20 1108
20 629
20 1109
20 1110
20 1111
20 1112
20 1113
20 1114
20 1115
20 1116
20 1117
20 1118
20 1119
20 1120
20 1121
20 1122
20 1123
20 1124
20 1125
20 1126
20 1127
20 1128
20 1129
20 1130
20 1131
20 1132
20 1133
20 1134
20 1135
21 1136
21 1137
21 1138
21 1139
21 1140
21 659
21 1141
21 1142
21 46
21 1143
21 1144
21 1145
21 115
21 1146
21 1147
21 1148
21 146
21 72
21 1149
21 1150
21 1151
21 1152
21 1153
21 1154
21 1155
21 307
21 1156
21 1157
21 1158
21 1159
21 1160
21 1161
21 781
21 1162
21 1163
21 1164
21 441
21 1165
21 1166
21 1167
21 1168
21 1169
21 1170
21 1171
21 1172
21 1173
21 1174
21 1175
22 1176
22 1177
22 1178
22 1179
22 1180
22 1181
22 724
22 1182
22 1183
22 1184
22 1185
22 1186
22 51
22 1187
22 1188
22 1189
22 134
22 1190
22 1191
22 74
22 1192
22 1193
22 537
22 378
22 1194
22 1195
22 546
22 1196
22 1197
22 1198
22 1199
22 1200
22 1201
22 1202
22 580
22 1203
22 576
22 1204
22 444
22 1205
22 1206
22 1207
22 1208
22 1209
22 1210
22 1211
22 1212
22 1213
23 1214
23 1215
23 1216
23 1217
23 1218
23 1219
23 1220
23 1221
23 1222
23 441
23 609
23 1223
23 1224
23 1225
23 1226
23 1227
23 1228
23 1229
23 1230
23 1231
23 1232
23 1233
23 1234
23 1235
23 1236
23 1237
23 1238
23 1239
23 1240
23 935
23 1241
23 1242
23 1243
23 1244
23 1245
23 1246
23 1247
23 1248
23 1249
23 1250
23 1251
23 1252
23 1253
23 796
23 1254
23 1255
23 1256
23 1257
24 1258
24 1259
24 411
24 1260
24 1261
24 1262
24 51
24 1263
24 1051
24 1264
24 1265
24 1266
24 1267
24 1268
24 1269
24 1270
24 1271
24 576
24 583
24 564
24 1272
24 581
24 395
24 1273
24 1274
24 1275
24 1276
24 1277
24 601
24 1278
24 1279
24 1280
24 1281
24 1282
24 608
24 1283
24 6
24 1284
24 637
24 1285
24 1286
24 1287
24 1288
24 420
24 1289
24 1290
24 1291
24 1292
24 1293
24 1294
24 1295
24 1296
24 1297
24 1298
24 1299
24 931
24 1300
24 1301
24 1302
24 1303
24 1304
24 1305
24 1306
24 1307
24 1308
24 1309
24 1310
24 1311
24 1312
24 1313
24 1314
24 1315
25 1316
25 163
25 1317
25 1318
25 1319
25 1320
25 1321
25 1322
25 1323
25 1324
25 1325
25 1326
25 1327
25 938
25 1328
25 1329
25 1330
25 1331
25 1332
25 1333
25 1334
25 1335
25 1336
25 1337
25 1338
25 1069
25 1339
25 1340
25 1341
25 1342
25 1343
25 1344
25 1345
25 1346
25 1347
25 1348
25 394
25 1349
25 1350
25 1351
25 1352
25 1353
25 1354
25 1355
25 1356
25 1357
25 1358
25 1359
26 1360
26 1361
26 1362
26 1363
26 1364
26 1365
26 1366
26 1367
26 1368
26 1369
26 1370
26 1371
26 1372
26 1373
26 1374
26 1375
26 1087
26 1376
26 556
26 1377
26 1378
26 1379
26 1380
26 51
26 1381
26 1382
26 265
26 1383
26 1384
26 1385
26 1386
26 1387
26 1388
26 1389
26 1390
26 1391
26 1392
26 1393
26 1394
26 1395
26 1396
26 1397
26 1398
26 1399
26 1064
26 1400
26 1401
26 1402
27 1403
27 1404
27 1405
27 1406
27 1407
27 380
27 1408
27 1409
27 1410
27 1411
27 1412
27 1413
27 478
27 1414
27 1415
27 1416
27 1417
27 1418
27 1419
27 1420
27 1421
27 1422
27 1423
27 1424
27 1425
27 1426
27 1427
27 1428
27 1429
27 1430
27 1431
27 1432
27 1433
27 1434
27 1435
27 1436
28 37
28 1437
28 1438
28 1439
28 1440
28 1441
28 1442
28 1443
28 33
28 1444
28 1445
28 1446
28 1447
28 1448
28 1449
28 1450
28 1451
28 1452
28 1453
28 1454
28 1455
28 246
28 1456
28 1457
28 133
28 1458
28 1459
28 140
28 1460
28 1461
28 1462
28 1463
28 1464
28 1465
28 378
28 1051
28 1466
28 1467
28 1468
28 1469
28 1470
28 1471
28 585
28 1472
28 1473
28 1474
28 1475
28 1476
28 1477
28 1478
28 1479
28 1480
28 1481
28 1482
28 1483
28 1339
28 1347
28 1484
28 1485
28 1486
29 899
29 1487
29 1488
29 1489
29 1490
29 1491
29 1492
29 1493
29 1494
29 1495
29 1496
29 1497
29 1498
29 1499
29 1500
29 1501
29 1502
29 1503
29 1504
29 1505
29 1506
29 1507
29 1508
29 1509
29 1510
29 1511
29 1512
29 1513
29 1514
29 1515
29 1516
29 1517
29 1518
29 1519
29 1520
29 1521
30 1522
30 1523
30 1524
30 1525
30 1526
30 1527
30 1528
30 1529
30 1530
30 1531
30 1064
30 1532
30 1533
30 1534
30 1535
30 1536
30 1537
30 1538
30 1539
30 1540
30 488
30 1541
30 1542
30 1543
30 1544
30 1545
30 1546
30 1547
30 1548
30 1549
30 1550
30 1551
30 1552
30 1553
30 1554
30 655
30 1555
30 1556
30 1557
30 1558
30 1559
30 1560
30 1561
30 1562
30 1563
30 1564
30 1565
30 1566
30 1345
30 1567
30 1568
30 1569
30 1570
30 1571
30 1572
30 796
30 1573
30 1574
30 1575
30 1576
30 1577
30 1578
30 1579
30 1580
30 1581
30 1582
30 1583
30 1584
30 1585
30 1586
30 1587
30 1588
30 1589
30 1590
30 1591
30 1592
30 808
30 1593
30 1594
30 1595
30 1596
30 1597
30 1598
30 1599
31 1600
31 1601
31 1602
31 1603
31 1604
31 1333
31 1200
31 1124
31 1605
31 1606
31 1607
31 1608
31 1609
31 1610
31 1611
31 1612
31 1278
31 1613
31 1614
31 1615
31 1616
31 606
31 608
31 637
31 1617
31 1618
31 640
31 501
31 1619
31 505
31 1620
31 1621
31 1622
31 1623
31 1624
31 1625
31 929
31 1626
31 1627
31 1628
31 935
31 1629
31 1630
31 1631
31 1632
31 1633
31 1634
31 1635
