0	 56	 842061	 	 0.0	 0.0
1	 17	 745161	 MIAMI	 25.7742658	 -80.1936589
2	 2	 107898	 	 0.0	 0.0
3	 57	 1515016	 	 0.0	 0.0
4	 51	 88499	 Birmingham 	 52.4776875	 -1.8948516
5	 32	 171059	 LA	 0.0	 0.0
6	 192	 915732	 	 0.0	 0.0
7	 375	 716415	 	 0.0	 0.0
8	 142	 1450677	 PHILADELPHIA	 39.9523993	 -75.1635899
9	 205	 858036	 Nawfside atl	 0.0	 0.0
10	 48	 422971	 Toronto	 43.653963	 -79.387207
11	 1	 99749	 Chicago	 41.8755546	 -87.6244212
12	 277	 1039116	 	 0.0	 0.0
13	 57	 354853	 1400 1400 1400	 14.60418885	 120.989012110714
14	 26	 7228	 	 0.0	 0.0
15	 60	 460679	 	 0.0	 0.0
16	 57	 1113651	 New York	 40.7306458	 -73.9866136
17	 26	 61252	 	 0.0	 0.0
18	 105	 569982	 Bronx NY	 40.85703325	 -73.8366961598775
19	 3	 2144	 	 0.0	 0.0
20	 18	 24632	 	 0.0	 0.0
21	 123	 337796	 	 0.0	 0.0
22	 106	 1179527	 Houston, TX	 29.7589382	 -95.3676974
23	 50	 111290	 Bronx	 40.85703325	 -73.8366961598775
24	 207	 654619	 Atlanta	 33.7490987	 -84.3901849
25	 48	 514882	 PLANET DROOL	 0.0	 0.0
26	 61	 193825	 Baton Rouge	 30.4507462	 -91.154551
27	 13	 34354	 Pomfret, MD	 38.5773417	 -77.030531
28	 44	 26974	 Santo Domingo	 18.4801972	 -69.942111
29	 4	 274	 	 0.0	 0.0
30	 32	 128670	 Detroit	 42.3486635	 -83.0567375
31	 44	 358746	 USA	 39.7837304	 -100.4458825
32	 5	 10104	 91st dimension 	 0.0	 0.0
33	 37	 17215	 New York	 40.7306458	 -73.9866136
34	 169	 98816	 	 0.0	 0.0
35	 39	 6604	 Atl	 10.7500084	 -75.0000086
36	 128	 158708	 Los Angeles	 34.054935	 -118.244476
37	 317	 4192727	 Kingston	 17.9712148	 -76.7928128
38	 1	 57	 	 0.0	 0.0
39	 14	 31261	 	 0.0	 0.0
40	 12	 140	 Los Angeles/ Abuja	 0.0	 0.0
41	 8	 4608	 Los Angeles, CA	 34.054935	 -118.244476
42	 18	 3538	 	 0.0	 0.0
43	 14	 1219	 sent.	 46.8172162	 10.3386041
44	 31	 1303	 718	 22.9590109342648	 120.334124722395
45	 7	 1079	 Los Angeles	 34.054935	 -118.244476
46	 13	 162	 Los Angeles	 34.054935	 -118.244476
47	 9	 3445	 Stoke-on-Trent	 53.0162014	 -2.1812607
48	 6	 191	 818	 35.0464749	 -85.3077057
49	 13	 362	 Burbank, CA	 34.1816482	 -118.3258554
50	 9	 77	 	 0.0	 0.0
51	 123	 20127	 amsterdam	 52.3745403	 4.89797550561798
52	 28	 362	 STC (STL)	 0.0	 0.0
53	 18	 44746	 York, UK	 53.9590555	 -1.0815361
54	 10	 87437	 Los Angeles, CA	 34.054935	 -118.244476
55	 35	 940	 New York	 40.7306458	 -73.9866136
56	 217	 56344	 Stockholm	 59.3251172	 18.0710935
57	 94	 391443	 	 0.0	 0.0
58	 108	 924871	 	 0.0	 0.0
59	 7	 378	 nowhere	 38.7311123	 -95.2414104
60	 26	 917	 Bakersfield	 35.3738712	 -119.0194639
61	 8	 3330	 los angles	 4.54912735	 -75.6630211911741
62	 32	 1847	 NY\u003c Manhattan Harlem 	 0.0	 0.0
63	 18	 3625	 	 0.0	 0.0
64	 19	 2173	 	 0.0	 0.0
65	 13	 1775	 Los Angeles	 34.054935	 -118.244476
66	 34	 19228	 	 0.0	 0.0
67	 21	 2702	 	 0.0	 0.0
68	 11	 33828	 new orleans	 29.9499323	 -90.0701156
69	 6	 91	 	 0.0	 0.0
70	 3	 1530	 San Juan	 18.38423905	 -66.0534399736473
71	 8	 9080	 El Paso, TX	 31.8111305	 -106.501349395577
72	 11	 21946	 New York	 40.7306458	 -73.9866136
73	 54	 6937	 	 0.0	 0.0
74	 41	 4705	 Atlanta, GA	 33.7490987	 -84.3901849
75	 15	 6244	 Tifton	 31.4504629	 -83.5084973
76	 12	 1740	 atlanta 	 33.7490987	 -84.3901849
77	 50	 12379	 Atlanta , GA	 33.7490987	 -84.3901849
78	 88	 62932	 	 0.0	 0.0
79	 3	 719	 New York City	 40.7306458	 -73.9866136
80	 68	 9849	 Pittsburgh	 40.4416941	 -79.9900861
81	 15	 8849	 	 0.0	 0.0
82	 1	 1151	 London	 51.5073219	 -0.1276474
83	 99	 652438	 	 0.0	 0.0
84	 92	 79338	 The 5	 9.3395696	 80.7133058
85	 65	 41293	 Atlanta	 33.7490987	 -84.3901849
86	 15	 1103	 Lower East Side	 40.7159357	 -73.9868057
87	 38	 33438	 New Orleans	 29.9499323	 -90.0701156
88	 37	 91294	 Portland	 45.5202471	 -122.6741949
89	 24	 1487	 STL to ATL	 0.0	 0.0
90	 20	 2942	 Los Angeles	 34.054935	 -118.244476
91	 67	 52306	 Brooklyn	 25.0611359	 -77.3129254560189
92	 61	 3610	 Brooklyn	 25.0611359	 -77.3129254560189
93	 9	 23700	 Toronto	 43.653963	 -79.387207
94	 43	 11745	 Atlanta	 33.7490987	 -84.3901849
95	 9	 156	 Elsewhere	 36.06577	 -79.7909683
96	 589	 265310	 Los Angeles	 34.054935	 -118.244476
97	 71	 145030	 Paris \u0026 Atlanta	 0.0	 0.0
98	 66	 470088	 Atlanta	 33.7490987	 -84.3901849
99	 144	 450296	 Baton Rouge	 30.4507462	 -91.154551
100	 18	 14270	 Harlem, NY	 40.8078786	 -73.9454154
101	 237	 179229	 	 0.0	 0.0
102	 4	 3468	 	 0.0	 0.0
103	 10	 6285	 lost angels	 34.2631316	 -118.3657096
104	 11	 12602	 Atlanta 	 33.7490987	 -84.3901849
105	 10	 114	 Atlanta	 33.7490987	 -84.3901849
106	 17	 189	 	 0.0	 0.0
107	 15	 7538	 Atlanta	 33.7490987	 -84.3901849
108	 146	 26635	 Compton	 33.894927	 -118.226624
109	 9	 2708	 Atlanta	 33.7490987	 -84.3901849
110	 12	 311	 Cleveland Hts.	 41.5200518	 -81.556235
111	 14	 3359	 Scamsville, Scamnetticut	 0.0	 0.0
112	 6	 2089	 Kansas City,MO	 38.73285	 -94.534816
113	 8	 329	 Atlanta	 33.7490987	 -84.3901849
114	 19	 21711	 Columbus, OH	 39.9622601	 -83.0007065
115	 2	 5323	 Columbus Ohio	 39.9622601	 -83.0007065
116	 33	 16395	 los angeles / seoul	 -2.8645362	 -78.9872905
117	 3	 70	 	 0.0	 0.0
118	 24	 25914	 Eastside Bakersfield, California	 35.6778838	 -119.1847236
119	 8	 1581	 Chicago	 41.8755546	 -87.6244212
120	 67	 9816	 norwich ct	 53.8309442	 -0.4313217
121	 24	 17280	 lvl/mtl	 0.0	 0.0
122	 7	 1142	 631	 31.8999913208091	 35.1792784836983
123	 17	 40006	 	 0.0	 0.0
124	 20	 66935	 CPT	 51.30375525	 4.92277832807008
125	 58	 3482	 LA	 0.0	 0.0
126	 24	 2287	 UPTOWN	 41.9666299	 -87.6555458
127	 1	 194	 Nashville	 36.1622296	 -86.7743531
128	 22	 17054	 Seattle	 47.6038321	 -122.3300624
129	 1	 1378	 Atlanta	 33.7490987	 -84.3901849
130	 8	 9253	 Virginia, United Sates	 0.0	 0.0
131	 3	 9703	 Toronto	 43.653963	 -79.387207
132	 27	 229008	 El Paso, TX	 31.8111305	 -106.501349395577
133	 33	 53551	 London	 51.5073219	 -0.1276474
134	 28	 81935	 Brooklyn	 25.0611359	 -77.3129254560189
135	 50	 39944	 Chattanooga	 35.0456297	 -85.3096801
136	 2	 85	 Atlanta, Ga	 33.7490987	 -84.3901849
137	 35	 1743	 Houston, TX	 29.7589382	 -95.3676974
138	 58	 306033	 HONOLULU	 21.304547	 -157.8556764
139	 12	 2637	 Nashville, TN	 36.1622296	 -86.7743531
140	 103	 47457	 Atlanta 	 33.7490987	 -84.3901849
141	 21	 34326	 	 0.0	 0.0
142	 44	 12672	 Pittsburgh	 40.4416941	 -79.9900861
143	 14	 721	 CHI	 -31.7613365	 -71.3187697
144	 35	 6334	 Atlanta, GA	 33.7490987	 -84.3901849
145	 44	 2663	 Atlanta	 33.7490987	 -84.3901849
146	 8	 2598	 New York	 40.7306458	 -73.9866136
147	 4	 1187	 Atlanta	 33.7490987	 -84.3901849
148	 55	 34449	 Atlanta	 33.7490987	 -84.3901849
149	 66	 24184	 Atlanta	 33.7490987	 -84.3901849
150	 15	 3410	 Atlanta	 33.7490987	 -84.3901849
151	 88	 39387	 Atlanta	 33.7490987	 -84.3901849
152	 15	 4491	 WORLDWIDE	 53.5120412	 -2.2434612
153	 71	 4208	 Atlanta	 33.7490987	 -84.3901849
154	 4	 14060	 Toronto	 43.653963	 -79.387207
155	 5	 2117	 London	 51.5073219	 -0.1276474
156	 9	 3879	 Brooklyn	 25.0611359	 -77.3129254560189
157	 70	 13754	 	 0.0	 0.0
158	 101	 323075	 Carol City	 25.9406488	 -80.2456045
159	 18	 36156	 	 0.0	 0.0
160	 17	 4172	 Bronx	 40.85703325	 -73.8366961598775
161	 4	 47018	 London	 51.5073219	 -0.1276474
162	 99	 134800	 Broward County	 26.1598074	 -80.4623642
163	 13	 3577	 	 0.0	 0.0
164	 28	 1401	 New York City	 40.7306458	 -73.9866136
165	 1	 4204	 Oslo / Brooklyn	 40.7146536	 -73.9565902512209
166	 2	 5010	 Berlin	 52.5170365	 13.3888599
167	 162	 782	 Chicago	 41.8755546	 -87.6244212
168	 7	 1390	 	 0.0	 0.0
169	 15	 8952	 	 0.0	 0.0
170	 92	 60402	 Philly x Uptown	 29.944475	 -90.0622321
171	 151	 42564	 	 0.0	 0.0
172	 3	 2592	 	 0.0	 0.0
173	 11	 8558	 	 0.0	 0.0
174	 33	 8206	 London	 51.5073219	 -0.1276474
175	 16	 23980	 new york city	 40.7306458	 -73.9866136
176	 4	 24070	 Phoenix, Az	 33.4485866	 -112.0773456
177	 12	 4687	 Indiana	 40.3270127	 -86.1746933
178	 3	 4550	 los angeles	 34.054935	 -118.244476
179	 5	 2651	 Baltimore	 39.2908816	 -76.610759
180	 4	 476	 big ass apple	 0.0	 0.0
181	 12	 7352	 Chicago	 41.8755546	 -87.6244212
182	 9	 6215	 	 0.0	 0.0
183	 3	 2572	 Los Angeles	 34.054935	 -118.244476
184	 53	 14365	 	 0.0	 0.0
185	 63	 4295	 Kingston	 17.9712148	 -76.7928128
186	 44	 39408	 Atlanta	 33.7490987	 -84.3901849
187	 10	 32642	 	 0.0	 0.0
188	 13	 22178	 	 0.0	 0.0
189	 10	 33995	 covington, Louisiana	 30.4754702	 -90.1009108
190	 5	 1096	 Texas	 31.8160381	 -99.5120986
191	 63	 115189	 WORLDSTAR	 0.0	 0.0
192	 660	 64569	 SANTIAGO DE CHILE, COLONIA, BUENOS AIRES, LONDRES, MEDELLÍN...	 0.0	 0.0
193	 8	 4263	 	 0.0	 0.0
194	 17	 5911	 Queens, NY	 40.6524927	 -73.7914214158161
195	 15	 1782	 Baton Rouge	 30.4507462	 -91.154551
196	 128	 3036	 New York	 40.7306458	 -73.9866136
197	 9	 9744	 Los Angeles	 34.054935	 -118.244476
198	 39	 19838	 Philadelphia	 39.9523993	 -75.1635899
199	 14	 17257	 Los Angeles	 34.054935	 -118.244476
200	 26	 25476	 PG COUNTY MARYLAND	 0.0	 0.0
201	 46	 8418	 The Bronx	 40.85703325	 -73.8366961598775
202	 18	 8840	 Wést	 0.5090396	 34.5731341
203	 18	 375	 Chicaglo	 0.0	 0.0
204	 3	 4353	 London	 51.5073219	 -0.1276474
205	 25	 18132	 Haslemere	 51.10527135	 -0.724244802358099
206	 31	 77902	 London	 51.5073219	 -0.1276474
207	 16	 19785	 HASLEMERE	 51.10527135	 -0.724244802358099
208	 25	 43677	 baltimore	 39.2908816	 -76.610759
209	 385	 40100	 Manchester	 53.4791301	 -2.2441009
210	 2	 492	 	 0.0	 0.0
211	 10	 326	 London	 51.5073219	 -0.1276474
212	 34	 28768	 	 0.0	 0.0
213	 20	 446	 Brooklyn	 25.0611359	 -77.3129254560189
214	 6	 800	 Brooklyn, NY	 40.6501038	 -73.9495823
215	 16	 4552	 Paris	 48.8566101	 2.3514992
216	 49	 115153	 City of Brotherly Love	 0.0	 0.0
217	 88	 170586	 Los Angeles	 34.054935	 -118.244476
218	 13	 2262	 Los Angeles, CA	 34.054935	 -118.244476
219	 68	 34271	 MILANO	 45.4667971	 9.1904984
220	 127	 57063	 	 0.0	 0.0
221	 75	 377300	 Sydney	 -33.8548157	 151.2164539
222	 60	 105450	 Toronto	 43.653963	 -79.387207
223	 17	 113720	 	 0.0	 0.0
224	 45	 185943	 	 0.0	 0.0
225	 69	 47712	 Los Angeles	 34.054935	 -118.244476
226	 78	 67844	 Miami	 25.7742658	 -80.1936589
227	 92	 36659	 Cali	 3.4319329	 -76.5113048
228	 49	 10837	 Brazil	 -10.3333333	 -53.2
229	 7	 7811	 Biloxi	 30.374673	 -88.8459433348286
230	 26	 28865	 	 0.0	 0.0
231	 23	 60182	 Los Angeles	 34.054935	 -118.244476
232	 46	 6680	 Miami	 25.7742658	 -80.1936589
233	 376	 205836	 	 0.0	 0.0
234	 242	 180719	 	 0.0	 0.0
235	 119	 38727	 Port of Spain	 10.6572678	 -61.5180173
236	 64	 127458	 Hamburg	 53.550341	 10.000654
237	 315	 38828	 Brooklyn	 25.0611359	 -77.3129254560189
238	 52	 71421	 Paris	 48.8566101	 2.3514992
239	 112	 817584	 Paris	 48.8566101	 2.3514992
240	 22	 142396	 Virginia via Colombia	 4.8995993	 -75.8825661
241	 1	 53092	 Los Angeles	 34.054935	 -118.244476
242	 13	 5686	 Bogota	 40.8762106	 -74.0298621
243	 15	 3937	 Los Angeles	 34.054935	 -118.244476
244	 45	 16318	 	 0.0	 0.0
245	 133	 464735	 London	 51.5073219	 -0.1276474
246	 18	 20190	 Stockholm	 59.3251172	 18.0710935
247	 51	 475517	 Paris	 48.8566101	 2.3514992
248	 1212	 139977	 	 0.0	 0.0
249	 36	 115616	 the wurld	 0.0	 0.0
250	 91	 61242	 	 0.0	 0.0
251	 9	 18920	 Washington DC area	 38.9480062	 -76.9997725235451
252	 6	 2785	 Paris	 48.8566101	 2.3514992
253	 23	 1286	 London	 51.5073219	 -0.1276474
254	 11	 37450	 Lyon	 45.7578137	 4.8320114
255	 78	 156963	 Toronto	 43.653963	 -79.387207
256	 10	 6742	 	 0.0	 0.0
257	 76	 690605	 	 0.0	 0.0
258	 55	 135218	 PANORAMA CITY	 34.2242902	 -118.4453745
259	 5	 60003	 NYC	 40.7306458	 -73.9866136
260	 683	 561315	 Sydney	 -33.8548157	 151.2164539
261	 16	 13167	 	 0.0	 0.0
262	 1033	 8041165	 Brooklyn	 25.0611359	 -77.3129254560189
263	 395	 12987	 Brooklyn	 25.0611359	 -77.3129254560189
264	 10	 70900	 	 0.0	 0.0
265	 34	 996548	 New York, New York	 40.7306458	 -73.9866136
266	 76	 4949856	 Copenhagen	 55.6867243	 12.5700724
267	 42	 12764	 THE SERENE	 51.35838415	 1.44115624126032
268	 51	 8883	 NYC	 40.7306458	 -73.9866136
269	 16	 12404	 Inland Empire, CA	 37.648944	 -120.900913
270	 147	 254901	 Los Angeles	 34.054935	 -118.244476
271	 188	 991009	 	 0.0	 0.0
272	 14	 17473	 Miami	 25.7742658	 -80.1936589
273	 130	 173164	 Los Angeles	 34.054935	 -118.244476
274	 145	 31253	 Berlin	 52.5170365	 13.3888599
275	 38	 30659	 	 0.0	 0.0
276	 4	 19097	 BROOKLYN	 25.0611359	 -77.3129254560189
277	 85	 27542	 Los Angeles	 34.054935	 -118.244476
278	 12	 8251	 Dank Valley	 48.8456805	 -123.6334594
279	 46	 2048	 Orlando, Fla	 0.0	 0.0
280	 9	 198	 Leipzig	 51.3391827	 12.3810549
281	 1	 610	 Seattle	 47.6038321	 -122.3300624
282	 12	 1726	 REALM	 -35.31208615	 149.13292565
283	 9	 2673	 LA	 0.0	 0.0
284	 117	 3146	 AZ	 40.3936294	 47.7872508
285	 1	 677	 London	 51.5073219	 -0.1276474
286	 14	 374	 Fayetteville	 36.0625843	 -94.1574328
287	 4	 30	 Every Speaker	 0.0	 0.0
288	 19	 2274	 	 0.0	 0.0
289	 12	 129	 	 0.0	 0.0
290	 8	 852	 Burbank	 34.1816482	 -118.3258554
291	 22	 935	 Los Angeles, CA	 34.054935	 -118.244476
292	 8	 96	 Burbank	 34.1816482	 -118.3258554
293	 12	 99	 Burbank	 34.1816482	 -118.3258554
294	 6	 14	 	 0.0	 0.0
295	 16	 295241	 LA	 0.0	 0.0
296	 14	 1528	 HOUSTALANTA	 0.0	 0.0
297	 3	 85	 Los Angeles, CA	 34.054935	 -118.244476
298	 2	 127	 Encino	 34.1591324	 -118.5016166
299	 37	 270	 East Hollywood	 39.05714435	 -94.458664917771
300	 17	 271	 Dubai	 2.80168	 44.08159
301	 7	 252	 La California	 36.7014631	 -118.7559974
302	 13	 105	 Atlanta x Hollywood -\u003e SFV	 0.0	 0.0
303	 66	 25914	 Nashville	 36.1622296	 -86.7743531
304	 78	 425008	 Melbourne	 -37.8142176	 144.9631608
305	 69	 168761	 Atlanta	 33.7490987	 -84.3901849
306	 7	 97	 Other Dimensions	 0.0	 0.0
307	 17	 587	 Muscle Shoals, AL	 34.7451786	 -87.6686733
308	 109	 1056454	 	 0.0	 0.0
309	 176	 206209	 QUEENS NYC	 -34.5771627	 -58.481686
310	 11	 298	 Burbank, California	 34.1816482	 -118.3258554
311	 8	 287878	 Lyon	 45.7578137	 4.8320114
312	 18	 229380	 Worldwide	 53.5120412	 -2.2434612
313	 18	 14205	 Los Angeles/Berkeley, CA	 0.0	 0.0
314	 10	 1325	 	 0.0	 0.0
315	 11	 12569	 Brussels	 50.8465573	 4.351697
316	 3	 13641	 Vancouver/LA	 45.6306954	 -122.6744557
317	 12	 4735	 Organic Electronic	 0.0	 0.0
318	 15	 10571	 Midnight Society	 0.0	 0.0
319	 16	 4067	 Stockholm	 59.3251172	 18.0710935
320	 10	 744	 Los Angeles	 34.054935	 -118.244476
321	 5	 1197	 Montréal	 45.4972159	 -73.6103642
322	 15	 3903	 	 0.0	 0.0
323	 12	 2797	 	 0.0	 0.0
324	 13	 6207	 London	 51.5073219	 -0.1276474
325	 4	 10343	 Melbourne 	 -37.8142176	 144.9631608
326	 22	 20845	 BKNY via HTFDCT	 0.0	 0.0
327	 74	 11375	 Las Vegas, Nv	 36.1662859	 -115.149225
328	 13	 15	 hihat	 36.7531698	 5.0846943
329	 12	 203	 Melbourne	 -37.8142176	 144.9631608
330	 12	 181	 Pasadena	 34.1476452	 -118.1444779
331	 19	 63	 The Hidden Kush Village	 0.0	 0.0
332	 112	 29681	 Charlotte, NC	 35.2270869	 -80.8431268
333	 10	 2594	 	 0.0	 0.0
334	 1	 10394	 Everywhere	 53.78984315	 -1.53394231074874
335	 7	 10616	 Belgrade	 45.773279	 -111.184535
336	 15	 657	 Los Angeles	 34.054935	 -118.244476
337	 11	 353	 Bay Area + Malibu	 27.7136696	 -97.3984233915197
338	 7	 36	 South Central	 38.9241769	 -76.9650274428414
339	 4	 16	 	 0.0	 0.0
340	 12	 302	 somewhere in germany	 0.0	 0.0
341	 17	 1340	 	 0.0	 0.0
342	 17	 155	 Tulare	 36.2516475	 -118.852583
343	 98	 139	 LA	 0.0	 0.0
344	 258	 59007	 Los Angeles	 34.054935	 -118.244476
345	 10	 381	 Brunswick	 43.905599	 -69.9759914804754
346	 60	 2251	 Beyond tha Yonder	 0.0	 0.0
347	 38	 119	 Sacramento	 38.5815719	 -121.4943996
348	 22	 76	 BRISBANE	 -27.4689682	 153.0234991
349	 18	 45	 California/Pittsburgh	 39.5151683	 -121.1002349
350	 1	 222	 Phoenix	 33.4485866	 -112.0773456
351	 48	 826	 Toronto	 43.653963	 -79.387207
352	 13	 186	 	 0.0	 0.0
353	 199	 214215	 Cleveland, OH	 41.5051613	 -81.6934446
354	 10	 58	 	 0.0	 0.0
355	 16	 19	 Santa Ana	 33.7494951	 -117.8732213
356	 96	 128486	 Anaheim, California	 33.8347516	 -117.911732
357	 12	 2802	 Atlanta	 33.7490987	 -84.3901849
358	 6	 512	 	 0.0	 0.0
359	 89	 97	 	 0.0	 0.0
360	 46	 138	 Burbank	 34.1816482	 -118.3258554
361	 9	 1267	 310Chambers	 0.0	 0.0
362	 27	 215	 Savannah, GA	 32.0835407	 -81.0998342
363	 47	 90	 	 0.0	 0.0
364	 8	 19	 802 808's	 0.0	 0.0
365	 29	 122	 Fresno	 36.7394421	 -119.7848307
366	 52	 840	 Pittsburgh	 40.4416941	 -79.9900861
367	 2	 8	 	 0.0	 0.0
368	 6	 84	 New York	 40.7306458	 -73.9866136
369	 6	 396	 Orange County CA	 33.7500378	 -117.8704931
370	 29	 1152	 Orange County	 33.7500378	 -117.8704931
371	 9	 571	 	 0.0	 0.0
372	 10	 1481	 Los Angeles, CA	 34.054935	 -118.244476
373	 1	 43	 	 0.0	 0.0
374	 2	 39	 Juice County	 15.5272839	 73.8259205
375	 14	 1995	 Pittsburgh ---\u003e LA 	 0.0	 0.0
376	 78	 1772	 London	 51.5073219	 -0.1276474
377	 23	 244	 Orange County, California	 33.9283346	 -117.9450578
378	 130	 11805	 South Jersey	 49.21230655	 -2.12559995964288
379	 8	 7227	 British Columbia	 55.001251	 -125.002441
380	 83	 39	 	 0.0	 0.0
381	 18	 327	 	 0.0	 0.0
382	 5	 257	 Chicago	 41.8755546	 -87.6244212
383	 133	 141699	 Here.	 43.8222157	 17.6896937
384	 336	 88477	 NYC	 40.7306458	 -73.9866136
385	 40	 4294	 Detroit	 42.3486635	 -83.0567375
386	 20	 5527	 Gardena, California	 33.888658	 -118.307648
