0	 125	 246571	 7	 Las Vegas	 36.1662859	 -115.149225
1	 1530	 49510	 487	 Fullerton	 33.8708215	 -117.9294165
3	 1	 375	 64	 	 0.0	 0.0
4	 60	 1533	 54	 downers grove, il	 41.7946074	 -88.0068999
6	 24	 76352	 29	 California	 36.7014631	 -118.7559974
7	 223	 67227	 7	 Los Angeles	 34.054935	 -118.244476
8	 43	 666	 832	 Essex	 51.7967047	 0.579338882096011
9	 41	 760	 1375	 hell	 63.445531	 10.9032872
10	 6	 557	 38	 Los Angeles	 34.054935	 -118.244476
11	 316	 99888	 101	 Los Angeles	 34.054935	 -118.244476
12	 128	 45921	 229	 Houston	 29.7589382	 -95.3676974
14	 107	 6100	 4	 Florida	 27.7567667	 -81.4639835
15	 33	 298	 7	 	 0.0	 0.0
16	 7	 4449	 76	 New York	 40.7306458	 -73.9866136
18	 6	 47554	 4	 Sydney / Newtown	 -33.8961132	 151.1801893
19	 31	 523	 22	 Springfield	 39.7989763	 -89.6443688
20	 127	 16717	 129	 Kiev	 50.4501071	 30.5240501
21	 195	 2607071	 15	 Gainesville	 29.6519396	 -82.3249961
24	 1	 140	 54	 Sheffield	 53.3806626	 -1.4702278
25	 19	 8673	 2	 Nottingham	 0.0	 0.0
26	 37	 1194	 436	 	 0.0	 0.0
27	 12	 243	 4	 	 0.0	 0.0
29	 19	 664	 52	 NYC	 40.7306458	 -73.9866136
30	 26	 62291	 10	 	 0.0	 0.0
31	 16	 8194	 437	 	 0.0	 0.0
32	 31	 207	 128	 	 0.0	 0.0
33	 7	 401	 7	 London	 51.5073219	 -0.1276474
34	 4	 9244	 16	 	 0.0	 0.0
35	 10	 4826	 4	 South Jakarta	 -6.1753942	 106.827183
37	 54	 12425	 17	 	 0.0	 0.0
39	 893	 695298	 2000	 	 0.0	 0.0
40	 14	 150948	 133	 Los Angeles	 34.054935	 -118.244476
41	 2143	 269201	 95	 Amsterdam	 0.0	 0.0
42	 19	 662	 50	 rio de janeiro	 -22.9110137	 -43.2093727
43	 1	 495	 73	 	 0.0	 0.0
45	 2	 555	 14	 	 0.0	 0.0
47	 44	 3070	 130	 	 0.0	 0.0
48	 84	 75212	 9	 Cologne	 45.5815203	 9.9411725
50	 69	 19134	 22	 London	 51.5073219	 -0.1276474
51	 309	 213384	 13	 	 0.0	 0.0
53	 307	 2374	 13	 London	 51.5073219	 -0.1276474
55	 1	 285	 200	 	 0.0	 0.0
56	 70	 1419737	 156	 Bergen	 60.3943532	 5.325551
57	 2	 645	 1	 	 0.0	 0.0
58	 8	 805	 56	 	 0.0	 0.0
60	 53	 2095	 1448	 Ambient | Chill Out | Soundscape | Sound Effects | Experimental | Dark Ambient | Musique Concrete	 0.0	 0.0
62	 12	 124	 70	 	 0.0	 0.0
63	 9	 3036	 60	 	 0.0	 0.0
64	 66	 64061	 63	 Los Angeles	 34.054935	 -118.244476
65	 507	 2316	 2	 Louisville	 0.0	 0.0
66	 4	 64	 7	 	 0.0	 0.0
67	 1	 74	 98	 Houston	 29.7589382	 -95.3676974
68	 16	 98	 18	 HCM City	 10.7690758	 106.6899305
69	 1	 417	 501	 BARCELONA	 0.0	 0.0
72	 17	 85584	 24	 	 0.0	 0.0
73	 28	 34488	 245	 Amiens	 49.8941708	 2.2956951
75	 4	 220	 1	 Lithuania	 0.0	 0.0
76	 33	 42982	 7	 MANSOURA	 36.0861236	 4.4557909
77	 172	 48780	 30	 	 0.0	 0.0
78	 37	 8831	 8	 Cairo	 37.0057958	 -89.1772449
79	 22	 1169	 75	 Ciudad de México	 19.4326009	 -99.1333416
80	 30	 5938	 294	 United Kingdom	 25.2232283	 55.1594933008754
81	 15	 3048	 417	 Auckland	 -36.8534665	 174.7655514
82	 19	 1406	 24	 cairo	 37.0057958	 -89.1772449
83	 2	 494	 326	 	 0.0	 0.0
84	 183	 83232	 18	 Toronto	 43.653963	 -79.387207
85	 29	 6566	 1420	 	 0.0	 0.0
87	 44	 1851	 605	 	 0.0	 0.0
88	 2	 41	 1	 	 0.0	 0.0
89	 12	 1169	 69	 Mansoura	 36.0861236	 4.4557909
90	 49	 5898	 11	 	 0.0	 0.0
91	 5	 214	 17	 Ankara	 39.9215219	 32.8537929
94	 35	 41949	 691	 El Haram  , Egypt	 30.0001721	 31.1767989
95	 3	 4342	 8	 Paris	 48.8566101	 2.3514992
97	 16	 270	 151	 	 0.0	 0.0
98	 26	 475	 1046	 Hyderabad, Sindh	 25.3801017	 68.3750376
99	 140	 935	 3	 Cascais	 38.72240025	 -9.39690917164988
100	 281	 1851	 35	 SF Bay Area	 37.7884969	 -122.3558473
102	 39	 11943	 518	 Gaza	 -23.328398	 32.8066057
103	 124	 24154	 3	 	 0.0	 0.0
104	 42	 8424	 1	 mansoura	 36.0861236	 4.4557909
105	 10	 112	 81	 Paris	 48.8566101	 2.3514992
106	 10	 509	 1	 Lisboa	 38.7077926	 -9.1365061
110	 43	 1779	 1	 Athens	 0.0	 0.0
111	 34	 914	 65	 	 0.0	 0.0
112	 45	 3416	 295	 Fayoum	 30.0902531	 31.3293197
113	 1120	 33876	 154	 Boston	 42.3604823	 -71.0595678
114	 177	 12251	 7	 for TV, web, film \u0026 video games	 0.0	 0.0
116	 7	 532	 93	 Eastern Province	 7.92988	 81.4847915
119	 19	 30377	 18	 Hentai Haven	 0.0	 0.0
120	 15	 3197	 12	 	 0.0	 0.0
121	 40	 30379	 1	 São Paulo	 -23.5506507	 -46.6333824
122	 123	 31638	 192	 LBC	 15.3856618	 76.1652051
125	 39	 4311	 285	 Goiania 	 -16.680882	 -49.2532691
126	 36	 3728	 8	 Nashville	 0.0	 0.0
127	 12	 864	 10	 Worldwide	 53.5120412	 -2.2434612
129	 31	 473	 39	 Brasil	 -10.3333333	 -53.2
130	 14	 1416	 31	 VA	 46.2303063	 7.6605757
131	 26	 1732	 19	 Illinois	 40.0796319	 -89.4339809
132	 51	 2300	 29	 	 0.0	 0.0
133	 67	 28565	 137	 New York	 40.7306458	 -73.9866136
134	 28	 1313	 27	 	 0.0	 0.0
135	 32	 12911	 31	 Camden, New Jersey	 39.9448402	 -75.1198911
136	 43	 10840	 27	 Bronwood, GA	 31.8310001	 -84.364358
138	 6	 552	 265	 	 0.0	 0.0
139	 26	 4258	 22	 NC/VA	 35.5398549	 -81.3973087
140	 114	 24685	 0	 Nashville	 36.1622296	 -86.7743531
142	 9	 496	 140	 Maa'di	 58.3862815	 23.8378089
144	 3	 689	 0	 	 0.0	 0.0
146	 35	 175	 233	 NJ	 40.0757384	 -74.4041622
147	 31	 5161	 26	 Nashville, TN	 36.1622296	 -86.7743531
148	 9	 307	 0	 	 0.0	 0.0
149	 7	 3479	 2	 SÃO PAULO	 -23.5506507	 -46.6333824
150	 337	 53734	 24	 Ada, OK	 34.7743383	 -96.6783651
151	 42	 10044	 18	 Nashville	 0.0	 0.0
152	 4	 854	 34	 Fontana	 34.0922335	 -117.435048
155	 41	 142075	 98	 	 0.0	 0.0
156	 1	 53435	 3	 Helsinki \u0026 Berlin	 0.0	 0.0
157	 48	 380611	 396	 Denver, Colorado	 39.7391536	 -104.9847034
158	 4	 4320	 65	 Melbourne	 -37.8142176	 144.9631608
159	 45	 387938	 921	 Los Angeles, CA	 34.054935	 -118.244476
160	 40	 812499	 7	 the grocery store	 34.07792775	 49.71145005
161	 43	 1767760	 8	 Amsterdam	 52.3745403	 4.89797550561798
162	 1298	 936539	 26	 Leiden	 0.0	 0.0
163	 317	 4193353	 93	 Kingston	 0.0	 0.0
164	 1577	 1116713	 65	 Vancouver	 0.0	 0.0
165	 39	 1817	 120	 Satu Mare	 0.0	 0.0
167	 190	 430499	 9	 Stockholm	 0.0	 0.0
169	 6	 1125	 3	 	 0.0	 0.0
170	 10	 35117	 171	 	 0.0	 0.0
171	 18	 1922	 746	 Regina	 50.44876	 -104.61731
173	 49	 511232	 2	 	 0.0	 0.0
174	 2	 7631	 1	 Los Angeles	 0.0	 0.0
176	 25	 3578	 7	 	 0.0	 0.0
177	 23	 8574	 616	 U.S.A/India	 -24.8339082	 -65.3822399
178	 3	 9565	 2000	 Houston	 29.7589382	 -95.3676974
179	 1603	 1621763	 118	 	 0.0	 0.0
180	 259	 473590	 54	 	 0.0	 0.0
181	 47	 170137	 337	 London, UK	 51.5073219	 -0.1276474
182	 33	 318212	 1077	 Vancouver	 49.262428	 -123.11554
183	 772	 6112407	 146	 Los Angeles	 34.054935	 -118.244476
184	 46	 15445	 272	 Denver	 39.7391536	 -104.9847034
185	 282	 21075	 1807	 	 0.0	 0.0
186	 723	 1915549	 3	 Amsterdam	 52.3745403	 4.89797550561798
187	 13	 115495	 464	 	 0.0	 0.0
188	 2	 2850	 6	 Fagersta	 60.0038627	 15.7906054
189	 2	 17483	 1	 Los Angeles	 34.054935	 -118.244476
192	 7	 6491	 436	 Melbourne	 -37.8142176	 144.9631608
193	 11	 2267	 297	 	 0.0	 0.0
194	 24	 62105	 1	 ^__^	 0.0	 0.0
195	 9	 18288	 31	 Kingston	 17.9712148	 -76.7928128
197	 371	 2775995	 15	 	 0.0	 0.0
198	 315	 38857	 25	 Brooklyn	 0.0	 0.0
199	 35	 2260	 5	 	 0.0	 0.0
200	 467	 14476	 20	 Brooklyn/Guyana	 0.0	 0.0
201	 194	 18289	 26	 Stockholm	 59.3251172	 18.0710935
202	 2	 3005	 0	 Birmingham	 52.4776875	 -1.8948516
204	 788	 6078	 168	 	 0.0	 0.0
205	 3	 3157	 452	 London	 51.5073219	 -0.1276474
206	 5	 700	 2	 Amsterdam	 52.3745403	 4.89797550561798
207	 76	 5316	 40	 	 0.0	 0.0
208	 851	 5733	 1	 Miami	 25.7742658	 -80.1936589
209	 8	 39163	 196	 San José	 37.3361905	 -121.8905833
210	 106	 10859	 16	 Lecce/Turin	 45.0808224	 7.6476395
212	 513	 1827	 428	 Miami / Bronx NY / Negril / Kingston	 0.0	 0.0
213	 24	 942	 21	 Oswego/Yonkers, NY	 0.0	 0.0
214	 891	 7696	 1941	 	 0.0	 0.0
216	 34	 586	 49	 Cayman Brac	 19.71985	 -79.7931193333333
217	 26	 4491	 241	 Paris	 48.8566101	 2.3514992
219	 359	 3507	 174	 	 0.0	 0.0
220	 1945	 40454	 195	 Rotterdam	 51.92779805	 4.48862326925829
222	 58	 3752	 74	 Kingston 	 17.9712148	 -76.7928128
223	 303	 19190	 1	 Queens, New York	 40.6524927	 -73.7914214158161
226	 20	 585	 0	 Panama	 0.0	 0.0
227	 37	 1716	 98	 kingston	 17.9712148	 -76.7928128
228	 21	 48814	 416	 Amsterdam	 52.3745403	 4.89797550561798
229	 104	 289178	 135	 Feature by Mix Feed	 0.0	 0.0
230	 23	 24102	 164	 Berlin	 52.5170365	 13.3888599
231	 66	 110530	 92	 İzmir	 38.4153421	 27.144474
232	 35	 89897	 371	 Amsterdam	 52.3745403	 4.89797550561798
233	 1	 280636	 231	 Free DL by Mix Feed 	 0.0	 0.0
234	 40	 5030	 115	 Worldwide	 53.5120412	 -2.2434612
235	 244	 137096	 670	 Brussels	 50.8465573	 4.351697
236	 451	 147763	 20	 Zurich	 37.182261	 -118.260475
237	 75	 110587	 2	 Vienna	 38.9013013	 -77.2651585
238	 6	 57425	 279	 	 0.0	 0.0
239	 28	 62549	 238	 Istanbul/Bursa	 40.2858081	 29.0545568
240	 18	 230193	 1222	 Worldwide	 53.5120412	 -2.2434612
241	 23	 17966	 1204	 Rouen/Paris	 48.86671815	 2.3210150664723
242	 11	 256926	 21	 Proper PR by Free DL	 0.0	 0.0
243	 112	 435204	 341	 	 0.0	 0.0
244	 13	 37591	 1059	 Rotterdam	 0.0	 0.0
245	 55	 8526	 57	 Switzerland | Belgium	 55.7537495	 37.6617913
246	 21	 172222	 1435	 	 0.0	 0.0
247	 91	 114167	 1268	 	 0.0	 0.0
248	 38	 17968	 17	 	 0.0	 0.0
249	 7	 9334	 1	 Istanbul	 41.0096334	 28.9651646
250	 50	 108914	 840	 Amsterdam/USA	 42.943367	 -74.1850436
251	 61	 96117	 727	 's-Hertogenbosch \u0026 Amsterdam	 0.0	 0.0
252	 78	 29844	 6	 	 0.0	 0.0
253	 173	 95391	 160	 LONDON	 51.5073219	 -0.1276474
254	 15	 89137	 918	 	 0.0	 0.0
255	 17	 167107	 34	 Hamburg	 53.550341	 10.000654
256	 198	 53273	 72	 	 0.0	 0.0
257	 314	 57877	 188	 Amsterdam	 52.3745403	 4.89797550561798
258	 42	 36122	 1	 Epic Tones Records	 0.0	 0.0
259	 103	 216395	 1914	 Berlin	 52.5170365	 13.3888599
260	 1425	 81986	 332	 Montreal	 45.4972159	 -73.6103642
261	 938	 165764	 96	 London	 51.5073219	 -0.1276474
262	 81	 29207	 7	 	 0.0	 0.0
263	 3	 1451	 2	 Córdoba	 37.8849779	 -4.7760131
264	 14	 6356	 1332	 Frankfurt	 0.0	 0.0
265	 202	 20853	 227	 	 0.0	 0.0
266	 139	 94647	 23	 	 0.0	 0.0
267	 126	 52697	 77	 	 0.0	 0.0
268	 393	 88450	 163	 	 0.0	 0.0
269	 35	 11635	 533	 Boston	 42.3604823	 -71.0595678
270	 88	 4317	 532	 	 0.0	 0.0
271	 824	 84803	 25	 	 0.0	 0.0
272	 152	 6956	 678	 Los Angeles	 34.054935	 -118.244476
273	 47	 74522	 210	 Los Angeles	 34.054935	 -118.244476
274	 11	 2457	 164	 London	 51.5073219	 -0.1276474
275	 3	 129	 14	 Rotterdam	 0.0	 0.0
276	 27	 41767	 50	 London	 51.5073219	 -0.1276474
277	 12	 141	 0	 	 0.0	 0.0
278	 205	 9140	 86	 www.deepalma.com	 0.0	 0.0
279	 97	 6038	 520	 Palma de Mallorca (Balearic Islands)	 39.5475614	 2.6345492
280	 245	 10891	 534	 San Francisco	 8.444585	 125.951249185475
281	 37	 2732	 388	 New York City	 40.7306458	 -73.9866136
282	 110	 9398	 1373	 Tel Aviv	 11.4797028	 -85.6661002
283	 19	 10832	 406	 Bergen x Lier	 51.1464023	 4.53351224200664
284	 339	 42145	 14	 Ghent	 37.6169488	 -81.1150199
285	 231	 10238	 778	 Balearic Islands - Palma De Mallorca 	 39.5475614	 2.6345492
286	 36	 2984	 1047	 	 0.0	 0.0
287	 38	 5376	 326	 Melbourne	 0.0	 0.0
288	 119	 67998	 146	 	 0.0	 0.0
290	 301	 63999	 122	 Berlin	 52.5170365	 13.3888599
291	 81	 862	 748	 Waterford	 0.0	 0.0
292	 460	 31485	 677	 Rare Wiri Headquarters / Madrid	 0.0	 0.0
293	 20	 436	 234	 British Embassy	 27.7208192	 85.3167803120287
294	 4	 468	 16	 Bergen	 60.3943532	 5.325551
296	 46	 5871	 1991	 Berlin	 52.5170365	 13.3888599
297	 389	 1012889	 647	 	 0.0	 0.0
298	 35	 19074	 115	 London	 51.5073219	 -0.1276474
299	 164	 85997	 2	 Kent	 51.2474823	 0.7105077
300	 232	 227008	 98	 London	 51.5073219	 -0.1276474
301	 10	 1453	 9	 	 0.0	 0.0
302	 100	 32994	 4	 	 0.0	 0.0
304	 15	 560	 96	 Miami Beach	 25.7881436	 -80.1272705
305	 60	 10764	 656	 LONDON | SOUTHAMPTON	 51.5210196	 -0.1235498
306	 77	 25033	 16	 	 0.0	 0.0
307	 33	 37851	 287	 	 0.0	 0.0
308	 7	 14269	 3	 London	 51.5073219	 -0.1276474
309	 42	 19299	 198	 	 0.0	 0.0
310	 144	 130932	 249	 Los Angeles | London	 34.0743658	 -118.27317
311	 4	 1609	 22	 Lemnos	 -36.348065	 145.474986249562
312	 517	 37576	 412	 London	 51.5073219	 -0.1276474
313	 352	 42508	 77	 Budapest	 47.4983815	 19.0404707
314	 3	 561	 9	 Norwich - Real page @ www.soundcloud.com/upgrade_productions	 0.0	 0.0
315	 62	 11562	 678	 	 0.0	 0.0
316	 23	 3550	 619	 London	 51.5073219	 -0.1276474
317	 355	 26159	 654	 London	 51.5073219	 -0.1276474
318	 380	 70745	 44	 	 0.0	 0.0
319	 67	 67571	 31	 Gotham City	 32.7579739	 -97.0669292
320	 5	 506	 9	 Wrocław	 51.1089776	 17.0326689
321	 29	 87819	 19	 Hornchurch	 0.0	 0.0
322	 57	 11459	 102	 	 0.0	 0.0
323	 169	 464880	 55	 Kelowna	 49.889326	 -119.498291
324	 98	 6427880	 94	 Los Angeles	 34.054935	 -118.244476
325	 57	 135890	 10	 	 0.0	 0.0
326	 116	 77178	 428	 	 0.0	 0.0
327	 486	 1023487	 13	 London	 51.5073219	 -0.1276474
328	 87	 69986	 132	 Charlotte, NC	 35.2270869	 -80.8431268
329	 8	 10898	 1	 	 0.0	 0.0
330	 412	 1016535	 30	 	 0.0	 0.0
331	 186	 126382	 189	 Worldwide	 53.5120412	 -2.2434612
332	 66	 611241	 309	 Montréal	 45.4972159	 -73.6103642
333	 50	 26337	 175	 	 0.0	 0.0
334	 112	 142168	 132	 The Pleasuredome	 53.7980007	 -1.5878926
335	 7	 49297	 854	 	 0.0	 0.0
336	 13	 5732	 205	 Arizona State University	 33.42165145	 -111.932582859275
337	 58	 31084	 710	 Philadelphia	 39.9523993	 -75.1635899
338	 142	 241848	 573	 Mannheim	 49.489591	 8.467236
339	 115	 3663632	 45	 	 0.0	 0.0
340	 34	 44122	 526	 CALIFORNIA	 0.0	 0.0
341	 14	 13317	 865	 	 0.0	 0.0
342	 229	 65989	 22	 London	 51.5073219	 -0.1276474
343	 155	 39514	 60	 	 0.0	 0.0
344	 166	 6042078	 171	 Toronto	 43.653963	 -79.387207
345	 8	 1823	 164	 Santa Fe, NM	 35.6869996	 -105.9377997
346	 35	 10513	 41	 	 0.0	 0.0
348	 1249	 103852	 732	 Los Angeles	 34.054935	 -118.244476
349	 36	 120027	 26	 	 0.0	 0.0
350	 112	 84143	 265	 New Port Richey, FL	 28.247132	 -82.7170238901345
351	 198	 53538	 111	 The Riddim Plug	 0.0	 0.0
352	 39	 34369	 281	 Los Angeles	 34.054935	 -118.244476
353	 28	 133652	 54	 	 0.0	 0.0
354	 115	 12480	 14	 	 0.0	 0.0
355	 75	 377908	 271	 Sydney	 -33.8548157	 151.2164539
356	 79	 341515	 114	 Detroit	 42.3486635	 -83.0567375
357	 60	 476305	 1	 	 0.0	 0.0
358	 35	 188216	 235	 	 0.0	 0.0
359	 85	 207317	 83	 California	 0.0	 0.0
360	 130	 2154765	 191	 Sydney	 -33.8548157	 151.2164539
361	 40	 189693	 7	 	 0.0	 0.0
363	 19	 77978	 26	 Los Angeles	 34.054935	 -118.244476
364	 39	 9045	 0	 	 0.0	 0.0
365	 82	 663826	 1	 Los Angeles	 34.054935	 -118.244476
366	 196	 6213335	 438	 Los Angeles	 34.054935	 -118.244476
367	 63	 404566	 365	 \u003c3	 0.0	 0.0
368	 51	 270051	 1185	 Chicago	 41.8755546	 -87.6244212
369	 20	 60889	 532	 	 0.0	 0.0
370	 105	 899598	 20	 	 0.0	 0.0
371	 214	 566805	 8	 Antibes	 43.5836	 7.10905
372	 49	 115750	 790	 City of Brotherly Love	 0.0	 0.0
374	 14	 75208	 25	 	 0.0	 0.0
375	 15	 283463	 58	 New York City	 40.7306458	 -73.9866136
376	 179	 324955	 220	 Los Angeles	 34.054935	 -118.244476
377	 26	 659	 391	 Sacramento	 38.5815719	 -121.4943996
378	 29	 107154	 563	 Gothenburg	 40.929562	 -100.160516
379	 683	 561822	 1009	 Sydney	 -33.8548157	 151.2164539
380	 10	 39988	 529	 London	 51.5073219	 -0.1276474
381	 40	 25039	 16	 	 0.0	 0.0
382	 14	 85241	 69	 Silver Lake, CA	 44.6524142	 -78.5911099
383	 250	 730077	 83	 San Francisco	 8.444585	 125.951249185475
384	 32	 3979	 578	 Vancouver	 49.262428	 -123.11554
385	 20	 111303	 150	 Rio de Janeiro	 -22.9110137	 -43.2093727
386	 87	 58917	 495	 Chicago	 41.8755546	 -87.6244212
387	 20	 181111	 99	 	 0.0	 0.0
388	 36	 187118	 0	 London	 51.5073219	 -0.1276474
389	 2858	 35733	 44	 Los Angeles	 34.054935	 -118.244476
390	 36	 22563	 201	 Jakarta	 -6.1753942	 106.827183
391	 3	 236	 33	 	 0.0	 0.0
392	 36	 1528	 34	 	 0.0	 0.0
393	 659	 5064018	 29	 Seattle	 47.6038321	 -122.3300624
394	 1	 149	 88	 	 0.0	 0.0
395	 7	 8035	 3	 	 0.0	 0.0
396	 8	 115	 87	 	 0.0	 0.0
397	 16	 20730	 8	 HASLEMERE	 0.0	 0.0
398	 6	 4805	 392	 Melbourne	 0.0	 0.0
399	 32	 11531	 67	 maia - bay area	 41.232208	 -8.6273183
400	 76	 17706	 110	 Indonesia ✕ USA	 -4.5271203	 120.2077887
401	 15	 5430	 54	 Bristol	 51.4538022	 -2.5972985
402	 61	 7102	 17	 Reykjavik	 0.0	 0.0
403	 470	 3012	 14	 San Francisco	 8.444585	 125.951249185475
404	 49	 584	 38	 Toulouse	 43.6044622	 1.4442469
405	 7	 418	 89	 London	 51.5073219	 -0.1276474
406	 364	 2800	 92	 London	 51.5073219	 -0.1276474
408	 5	 195	 3	 Denver	 39.7391536	 -104.9847034
409	 27	 33423	 89	 Los Angeles	 34.054935	 -118.244476
410	 5	 103	 42	 Brooklyn, NY	 40.6501038	 -73.9495823
413	 69	 7585	 18	 London	 51.5073219	 -0.1276474
416	 4	 114	 33	 Bandung	 0.0	 0.0
417	 37	 3055	 906	 York	 0.0	 0.0
418	 28	 12342	 55	 Long Beach, CA	 0.0	 0.0
419	 9	 14674	 34	 	 0.0	 0.0
421	 28	 6715	 199	 Not From The Philippines	 0.0	 0.0
422	 7	 76	 28	 	 0.0	 0.0
423	 56	 853892	 14	 	 0.0	 0.0
424	 17	 762390	 0	 MIAMI	 0.0	 0.0
427	 51	 93221	 14	 Birmingham 	 52.4776875	 -1.8948516
428	 32	 182063	 60	 LA	 0.0	 0.0
431	 205	 863413	 6	 Nawfside atl	 0.0	 0.0
432	 375	 718644	 0	 	 0.0	 0.0
434	 289	 1041956	 74	 	 0.0	 0.0
435	 1	 101680	 0	 Chicago	 41.8755546	 -87.6244212
437	 26	 8059	 0	 	 0.0	 0.0
438	 58	 1115362	 1	 New York	 40.7306458	 -73.9866136
440	 18	 25240	 24	 	 0.0	 0.0
441	 106	 1184432	 6	 Houston, TX	 29.7589382	 -95.3676974
442	 50	 112790	 2	 Bronx	 40.85703325	 -73.8366961598775
443	 48	 522107	 140	 PLANET DROOL	 0.0	 0.0
444	 207	 656544	 37	 Atlanta	 33.7490987	 -84.3901849
445	 61	 199722	 0	 Baton Rouge	 30.4507462	 -91.154551
446	 13	 35528	 16	 Pomfret, MD	 38.5773417	 -77.030531
447	 43	 27466	 2	 Santo Domingo	 18.4801972	 -69.942111
448	 32	 131029	 0	 Detroit	 42.3486635	 -83.0567375
449	 4	 317	 197	 	 0.0	 0.0
452	 496	 1868028	 7	 Breda	 0.0	 0.0
453	 38	 300444	 313	 Los Angeles	 34.054935	 -118.244476
454	 22	 126153	 1919	 Los Angeles, CA	 34.054935	 -118.244476
455	 25	 2679	 1497	 San Diego	 32.7174209	 -117.1627714
456	 291	 292064	 27	 New York	 40.7306458	 -73.9866136
457	 43	 225	 8	 Simferopol	 44.9521457	 34.1024858
459	 168	 320928	 106	 London	 51.5073219	 -0.1276474
460	 20	 58652	 1	 Los Angeles	 34.054935	 -118.244476
461	 135	 189860	 11	 Los Angeles	 0.0	 0.0
462	 30	 68193	 580	 Chicago	 41.8755546	 -87.6244212
463	 153	 25713	 151	 	 0.0	 0.0
465	 81	 44277	 25	 	 0.0	 0.0
467	 39	 4563	 0	 	 0.0	 0.0
468	 78	 3676	 581	 Ansfelden	 48.2094498	 14.2901754
469	 21	 47131	 165	 Los Angeles, CA	 34.054935	 -118.244476
471	 82	 460237	 1	 Amsterdam	 0.0	 0.0
472	 486	 2281102	 7	 Paris	 48.8566101	 2.3514992
473	 39	 62036	 58	 Northampton	 52.2385239	 -0.902493
474	 41	 30563	 65	 London	 51.5073219	 -0.1276474
475	 9	 8580	 1	 Philadelphia, PA	 39.9523993	 -75.1635899
476	 128	 14640	 368	 Melbourne	 -37.8142176	 144.9631608
478	 519	 778477	 126	 Boulder, Colorado	 0.0	 0.0
479	 261	 595166	 19	 	 0.0	 0.0
480	 296	 489906	 13	 	 0.0	 0.0
481	 48	 19577	 296	 Medellin	 11.1276626	 123.9621553
483	 76	 428162	 2	 Toronto	 43.653963	 -79.387207
485	 22	 5320	 3	 Old Profile (No Longer Updating)	 0.0	 0.0
486	 417	 66382	 1	 Brooklyn	 25.0611359	 -77.3129254560189
489	 153	 37736	 42	 London	 51.5073219	 -0.1276474
490	 45	 6817	 8	 vancouver	 0.0	 0.0
492	 40	 5475	 57	 Sydney	 -33.8548157	 151.2164539
493	 80	 25807	 14	 Adelaide	 -34.9274284	 138.599899
494	 19	 8799	 134	 Washington DC	 0.0	 0.0
495	 15	 14380	 9	 San Francisco/Brooklyn	 37.7927671	 -122.4072945
496	 16	 6895	 101	 Chicago	 41.8755546	 -87.6244212
497	 1	 997	 1	 	 0.0	 0.0
498	 153	 63784	 15	 	 0.0	 0.0
499	 523	 5870	 215	 Melbourne	 -37.8142176	 144.9631608
500	 15	 14512	 0	 Los Angeles	 0.0	 0.0
501	 64	 23756	 14	 Göteborg	 57.7072326	 11.9670171
503	 33	 72383	 403	 	 0.0	 0.0
504	 33	 90897	 170	 	 0.0	 0.0
505	 15	 5483	 23	 Moscow	 46.7323875	 -117.0001651
506	 7	 341	 1849	 England	 52.7954791	 -0.540240286617432
507	 18	 7602	 13	 North London	 40.7364228	 -73.8651888078038
508	 7	 7893	 1394	 Munich	 0.0	 0.0
509	 332	 5581437	 176	 Portland, OR	 0.0	 0.0
510	 8	 173	 20	 Brisbane	 -27.4689682	 153.0234991
511	 9	 4221	 86	 Tel Aviv	 11.4797028	 -85.6661002
512	 1	 125	 54	 Londrina	 0.0	 0.0
513	 53	 93225	 1	 Echo Park, CA	 43.14787145	 -80.2231022401593
514	 388	 7245	 1760	 	 0.0	 0.0
515	 83	 337	 165	 Houston	 29.7589382	 -95.3676974
516	 389	 16641	 216	 London	 51.5073219	 -0.1276474
518	 14	 10184	 61	 Provo, UT	 40.2338438	 -111.6585337
519	 45	 7635	 27	 London	 51.5073219	 -0.1276474
520	 4	 269	 19	 	 0.0	 0.0
521	 154	 2272737	 10	 Bloomington	 39.1670396	 -86.5342881
522	 299	 36962	 14	 Washington DC	 38.8949549	 -77.0366456
523	 2	 1363	 2	 	 0.0	 0.0
524	 2	 550	 0	 Rio de Janeiro	 -22.9110137	 -43.2093727
525	 20	 14275	 583	 taos.new.mexico	 36.4072485	 -105.5730665
526	 1	 526	 7	 	 0.0	 0.0
527	 13	 16415	 182	 United Kingdom	 25.2232283	 55.1594933008754
529	 23	 635	 846	 	 0.0	 0.0
530	 1	 68	 182	 	 0.0	 0.0
531	 14	 771	 34	 Singapore	 1.2904753	 103.8520359
532	 50	 145	 61	 Hoogkarspel	 52.6901497	 5.17310592437035
534	 1	 365	 0	 	 0.0	 0.0
535	 123	 20973	 0	 Hönö	 57.6903138	 11.6520508673869
536	 34	 474	 6	 Plymouth	 50.3712659	 -4.1425658
537	 168	 5235264	 8	 Los Angeles	 34.054935	 -118.244476
542	 57	 12837	 62	 Kuala Lumpur	 0.642715	 122.5909774
543	 1	 605	 239	 London	 51.5073219	 -0.1276474
545	 91	 85202	 86	 Los Angeles	 34.054935	 -118.244476
546	 1	 717	 84	 	 0.0	 0.0
549	 13	 228	 350	 Atlanta	 33.7490987	 -84.3901849
551	 102	 8186	 29	 Melbourne	 -37.8142176	 144.9631608
552	 20	 111	 9	 Praha	 50.0874654	 14.4212535
553	 24	 1223	 318	 Yerevan	 40.1776121	 44.5125849
554	 16	 98	 87	 	 0.0	 0.0
555	 26	 1396	 10	 London	 51.5073219	 -0.1276474
556	 9	 134	 108	 	 0.0	 0.0
557	 12	 405	 342	 Las Vegas	 36.1662859	 -115.149225
558	 92	 8516	 3	 Bristol	 51.4538022	 -2.5972985
559	 15	 36	 0	 	 0.0	 0.0
560	 414	 200	 89	 Istanbul City	 45.5448689	 11.5401096
561	 36	 565	 356	 maipu	 -8.2885305	 -51.1636121
562	 8	 1782	 20	 Istanbul	 0.0	 0.0
563	 57	 77583	 171	 TLSE	 52.7060738	 41.4713418633073
564	 29	 10514	 1	 mansoura	 36.0861236	 4.4557909
565	 4	 141	 3	 	 0.0	 0.0
568	 8	 270	 21	 	 0.0	 0.0
569	 39	 37115	 2	 CALI	 3.4319329	 -76.5113048
570	 50	 15519	 2	 CALI	 3.4319329	 -76.5113048
571	 50	 11210	 2	 World	 32.8548259	 -117.2041575
572	 38	 3379	 2	 California	 36.7014631	 -118.7559974
573	 49	 3849	 1	 WORLD	 38.8941099	 -77.0229412
574	 41	 9182	 2	 World	 32.8548259	 -117.2041575
575	 42	 3266	 1	 WORLD	 38.8941099	 -77.0229412
577	 43	 14913	 2	 WORLD	 38.8941099	 -77.0229412
578	 41	 20652	 2	 	 0.0	 0.0
579	 43	 1458	 1	 WORLD	 38.8941099	 -77.0229412
580	 45	 23857	 2	 Buenos Aire	 -34.6130461	 -58.3824172
581	 43	 3675	 1	 WORLD	 38.8941099	 -77.0229412
582	 49	 5158	 2	 Medellin	 11.1276626	 123.9621553
583	 43	 14214	 27	 World	 32.8548259	 -117.2041575
584	 50	 646	 1	 WORLD	 38.8941099	 -77.0229412
585	 49	 1711	 1	 WORLD	 38.8941099	 -77.0229412
586	 2	 418	 0	 	 0.0	 0.0
587	 2164	 499021	 0	 New York	 40.7306458	 -73.9866136
588	 20	 978	 24	 	 0.0	 0.0
589	 1	 135	 8	 	 0.0	 0.0
591	 185	 2828024	 15	 London	 51.5073219	 -0.1276474
595	 503	 2873507	 61	 Germany, USA, UK	 0.0	 0.0
596	 1	 128	 3	 	 0.0	 0.0
597	 3	 71	 68	 Makassar	 -5.1342962	 119.4124282
598	 260	 25850	 25	 Los Angeles	 34.054935	 -118.244476
600	 72	 3227	 51	 	 0.0	 0.0
601	 14	 1089	 0	 Freehold	 40.2601096	 -74.2737573
602	 1	 61	 6	 	 0.0	 0.0
605	 7	 1819	 533	 London	 51.5073219	 -0.1276474
606	 40	 525	 2	 Santiago	 -33.4377968	 -70.6504451
608	 42	 1237	 42	 Boyolali, Jawa Tengah	 -7.5344079	 110.6041944
611	 20	 107	 69	 	 0.0	 0.0
613	 5	 426	 6	 Rudolstadt	 0.0	 0.0
615	 176	 14609	 20	 Eisenerz	 47.5420788	 14.8857099
616	 13	 7769	 34	 Los Angeles | Washington D.C. 	 0.0	 0.0
617	 5	 108	 2	 	 0.0	 0.0
619	 30	 388	 103	 Chittagong	 22.3307998	 91.8412863
620	 1	 68	 41	 Toronto, Ontario	 43.653963	 -79.387207
622	 241	 13684	 63	 Calgary	 51.02532675	 -114.049868485806
623	 51	 158	 42	 Memphis	 35.1490215	 -90.0516285
624	 9	 982	 11	 London	 51.5073219	 -0.1276474
626	 2	 2458	 0	 	 0.0	 0.0
627	 1	 1874	 137	 Bari	 41.1257843	 16.8620293
628	 69	 861	 24	 Washington DC	 38.8949549	 -77.0366456
631	 27	 9508	 3	 	 0.0	 0.0
632	 126	 34215	 5	 	 0.0	 0.0
633	 11	 129	 2	 Brno	 49.1922443	 16.6113382
634	 112	 4174	 34	 	 0.0	 0.0
635	 2	 36	 18	 Bremen	 53.0758196	 8.8071646
636	 5	 432	 8	 Mumbai	 18.9321862	 72.8308337
637	 41	 555	 516	 Winona Lake, IN	 41.2272668	 -85.8219345
638	 2	 95	 1	 	 0.0	 0.0
640	 51	 1373	 273	 Burntwood, Staffordshire	 52.6791667	 -1.9154621
642	 1	 91	 0	 	 0.0	 0.0
643	 18	 937	 123	 	 0.0	 0.0
644	 8	 1827	 23	 Cairo	 37.0057958	 -89.1772449
645	 284	 1408	 162	 Worthington	 43.6205056	 -95.5956434
646	 287	 2859	 1918	 Nürnberg	 49.3655143	 11.1135107979842
647	 13	 191	 36	 Dublin	 53.3497645	 -6.2602732
648	 8	 37	 57	 kayseri	 38.7225274	 35.4874516
649	 10	 165	 1	 	 0.0	 0.0
651	 82	 3408	 9	 	 0.0	 0.0
652	 6	 53	 7	 Paris	 48.8566101	 2.3514992
653	 26	 230	 328	 Nottingham	 52.9534161	 -1.1492773
656	 17	 1181	 26	 Istanbul	 41.0096334	 28.9651646
657	 8	 45	 1	 	 0.0	 0.0
658	 193	 5899	 10	 Melbourne	 -37.8142176	 144.9631608
659	 13	 1696	 17	 	 0.0	 0.0
660	 10	 25	 3	 	 0.0	 0.0
661	 48	 2403	 198	 Las Piñas	 14.4806089	 120.9819099
662	 10	 221	 401	 London	 51.5073219	 -0.1276474
664	 23	 475	 1107	 	 0.0	 0.0
665	 149	 14611	 230	 Ulm	 48.3973944	 9.9932755
666	 123	 339970	 3	 	 0.0	 0.0
667	 53	 2545	 0	 	 0.0	 0.0
670	 4	 8936	 0	 Oberursel	 50.2005518	 8.580452
671	 52	 166726	 26	 Los Angeles 	 34.054935	 -118.244476
672	 33	 180	 4	 	 0.0	 0.0
673	 165	 382194	 6	 Philadelphia,Pa	 39.9523993	 -75.1635899
675	 263	 4914079	 0	 Brooklyn	 25.0611359	 -77.3129254560189
677	 22	 139242	 7	 YOUR LEGAL HIGH	 0.0	 0.0
678	 36	 531	 3	 jakarta	 -6.1753942	 106.827183
679	 18	 362	 0	 Kathmandu	 27.708796	 85.320244
683	 42	 545	 19	 Toronto	 43.653963	 -79.387207
684	 25	 86142	 747	 Denver	 39.7391536	 -104.9847034
686	 5	 50	 24	 Jakarta	 -6.1753942	 106.827183
687	 15	 452	 13	 	 0.0	 0.0
689	 73	 1705653	 12	 Chicago	 41.8755546	 -87.6244212
690	 4	 135	 7	 	 0.0	 0.0
691	 32	 47918	 0	 Boston	 42.3604823	 -71.0595678
693	 1807	 316376	 82	 New York	 40.7306458	 -73.9866136
696	 28	 53505	 104	 New York 	 40.7306458	 -73.9866136
698	 64	 593171	 2	 	 0.0	 0.0
699	 31	 616	 388	 Surabaya	 0.0	 0.0
700	 2541	 806476	 168	 Santa Monica	 34.019657	 -118.487549
704	 20	 1867	 36	 	 0.0	 0.0
707	 78	 1457177	 2	 Los Angeles, CA	 34.054935	 -118.244476
708	 69	 452956	 390	 Los Angeles	 34.054935	 -118.244476
709	 27	 230223	 34	 El Paso, TX	 31.8111305	 -106.501349395577
710	 7	 2276	 1	 	 0.0	 0.0
711	 109	 1057825	 28	 	 0.0	 0.0
712	 5	 365	 0	 Brooklyn	 25.0611359	 -77.3129254560189
713	 31	 242511	 4	 ZONE 6	 7.20451075	 -8.98261881237008
714	 88	 1265289	 5	 Mississauga	 46.1939009	 -83.0110297
716	 75	 252046	 14	 Toronto	 43.653963	 -79.387207
720	 231	 564806	 10	 Toronto	 43.653963	 -79.387207
721	 12	 64238	 5	 Atlanta	 33.7490987	 -84.3901849
723	 22	 142730	 75	 Toronto	 43.653963	 -79.387207
724	 1220	 85574	 62	 São Paulo	 -23.5506507	 -46.6333824
726	 93	 453122	 5	 Los Angeles	 34.054935	 -118.244476
728	 49	 11481	 0	 London	 51.5073219	 -0.1276474
729	 164	 117625	 42	 Los Angeles	 34.054935	 -118.244476
730	 62	 16570	 0	 Rio de Janeiro	 -22.9110137	 -43.2093727
1041	 103	 18311	 3	 NY	 43.1561681	 -75.8449946
1042	 23	 11648	 6	 NY	 43.1561681	 -75.8449946
1044	 179	 4603591	 6	 	 0.0	 0.0
1045	 64	 1195554	 10	 New York	 40.7306458	 -73.9866136
1046	 31	 12900	 58	 Jackson, TN	 35.6144446	 -88.8177418
1047	 19	 159	 28	 	 0.0	 0.0
1049	 3	 39	 39	 	 0.0	 0.0
1050	 1	 508	 156	 Newark, NJ	 40.735657	 -74.1723667
1051	 127	 220	 1	 Los Angeles	 34.054935	 -118.244476
1052	 42	 290	 99	 	 0.0	 0.0
1053	 42	 1519	 27	 	 0.0	 0.0
1054	 20	 146	 196	 Seattle	 47.6038321	 -122.3300624
1055	 0	 181	 123	 Hurlstone Park, Sydney	 -33.91	 151.1286111
1056	 12	 69	 18	 Long Beach	 33.78538945	 -118.158049315311
1059	 33	 185	 16	 Nashville	 36.1622296	 -86.7743531
1060	 40	 393	 1	 New York	 40.7306458	 -73.9866136
1062	 2	 23	 1	 Berlin	 52.5170365	 13.3888599
1063	 2	 310	 5	 From Paris to LA through the internet	 0.0	 0.0
1064	 6	 69	 21	 Highland Park	 25.06425655	 -77.3750775105155
1065	 2	 57	 5	 Sydney	 -33.8548157	 151.2164539
1066	 7	 147	 45	 Osaka	 49.5502969	 16.7064387
1067	 3	 512	 34	 Tokyo	 34.2255804	 139.294774527387
1068	 48	 3649	 12	 tokyo	 34.2255804	 139.294774527387
1069	 11	 145	 6	 	 0.0	 0.0
1071	 27	 2240	 6	 	 0.0	 0.0
1072	 10	 159	 63	 	 0.0	 0.0
1073	 54	 1297	 20	 Chicago \u0026 Los Angeles	 0.0	 0.0
1074	 23	 1203	 12	 Los Angeles	 34.054935	 -118.244476
1075	 14	 97	 8	 Los Angeles	 34.054935	 -118.244476
1076	 3	 947	 9	 San José	 37.3361905	 -121.8905833
1077	 10	 47	 6	 	 0.0	 0.0
1078	 7	 457	 122	 gravesend	 51.4422972	 0.3696206
1079	 0	 81	 1	 	 0.0	 0.0
1080	 8	 370	 33	 Tel Aviv	 11.4797028	 -85.6661002
1081	 9	 242	 17	 Los Angeles	 34.054935	 -118.244476
1082	 42	 323	 3	 	 0.0	 0.0
1084	 8	 215	 330	 London	 51.5073219	 -0.1276474
1085	 5	 192	 40	 Los Angeles	 34.054935	 -118.244476
1086	 10	 113	 2	 Los Angeles	 34.054935	 -118.244476
1089	 54	 2992	 1	 Miami	 25.7742658	 -80.1936589
1090	 8	 1244	 99	 valdivia	 -39.8141965	 -73.2458525
1091	 11	 63	 110	 THE DANFORTH	 43.64973755	 -70.2626104561038
1092	 21	 1102	 327	 The Forest	 -8.90744315	 33.4455847415348
1093	 33	 1358	 33	 Chino, CA	 34.0133561	 -117.690075
1096	 55	 758	 96	 Toulouse	 43.6044622	 1.4442469
1097	 0	 31	 7	 	 0.0	 0.0
1098	 0	 12804	 1	 London	 51.5073219	 -0.1276474
1099	 44	 215	 283	 Memphis, Tn 	 35.1490215	 -90.0516285
1100	 194	 13103	 7	 Pasadena	 0.0	 0.0
1101	 158	 2413	 2	 Los Angeles	 34.054935	 -118.244476
3882	 5	 232	 4	 Ithaca NY	 42.4396039	 -76.4968019
3883	 0	 409	 7	 	 0.0	 0.0
3884	 9	 8803	 31	 Los Angeles	 34.054935	 -118.244476
3885	 2	 642	 4	 Brooklyn	 25.0611359	 -77.3129254560189
3886	 0	 42	 17	 	 0.0	 0.0
3887	 20	 4081	 138	 Brooklyn	 25.0611359	 -77.3129254560189
3888	 21	 2512	 428	 Toronto	 43.653963	 -79.387207
3889	 0	 72	 1	 Sydney	 -33.8548157	 151.2164539
3890	 0	 18	 7	 New York	 40.7306458	 -73.9866136
3891	 13	 3167	 170	 New York	 40.7306458	 -73.9866136
3892	 28	 16223	 9	 LDN	 50.10665875	 14.4008375531628
3893	 26	 138025	 924	 NYC	 40.7306458	 -73.9866136
3894	 62	 341364	 44	 Denver	 39.7391536	 -104.9847034
3895	 16	 299	 686	 Brighton	 50.8220399	 -0.1374061
3896	 34	 236	 199	 Here, I Am.	 43.8222157	 17.6896937
3898	 88	 1192	 146	 Studio City, California	 34.1483989	 -118.3961877
3899	 8	 21	 19	 Bromley	 51.4028046	 0.0148142
3900	 0	 45	 101	 	 0.0	 0.0
3901	 0	 207	 102	 London	 51.5073219	 -0.1276474
3902	 0	 33	 48	 	 0.0	 0.0
3903	 5	 12	 9	 London	 51.5073219	 -0.1276474
3904	 0	 18	 20	 	 0.0	 0.0
3905	 0	 5	 1	 	 0.0	 0.0
3906	 0	 248	 1216	 New York	 40.7306458	 -73.9866136
3907	 0	 8	 18	 	 0.0	 0.0
3908	 70	 1778	 1602	 London	 51.5073219	 -0.1276474
3909	 30	 45765	 290	 New York City	 40.7306458	 -73.9866136
3910	 169	 1092495	 1	 	 0.0	 0.0
3911	 117	 1332131	 684	 	 0.0	 0.0
3912	 170	 916061	 69	 London	 51.5073219	 -0.1276474
3913	 69	 315937	 3	 London	 51.5073219	 -0.1276474
3914	 106	 822361	 7	 London	 51.5073219	 -0.1276474
3915	 0	 21	 33	 JAckson	 32.4104385	 -90.162064988255
3916	 0	 14	 215	 London	 51.5073219	 -0.1276474
3917	 188	 527840	 131	 NYC	 40.7306458	 -73.9866136
3918	 191	 84536	 156	 New York	 40.7306458	 -73.9866136
3919	 294	 274688	 20	 London	 51.5073219	 -0.1276474
3920	 786	 108652	 673	 Worldwide	 0.0	 0.0
3921	 332	 2348927	 1874	 London	 51.5073219	 -0.1276474
3922	 67	 5227350	 4	 London	 51.5073219	 -0.1276474
3923	 16	 168244	 2	 small town	 0.0	 0.0
3924	 5	 678	 33	 Los Angeles	 34.054935	 -118.244476
3925	 1	 290	 56	 LA/NY/Nashville	 43.0772789	 -78.8658707
3926	 46	 5917	 128	 New Smyrna Beach, FL	 29.0258191	 -80.9269984
3927	 44	 20622	 26	 Cardiff	 51.4816546	 -3.1791934
3928	 29	 17334	 2	 	 0.0	 0.0
3929	 2	 8	 7	 Los Angeles	 34.054935	 -118.244476
3930	 5	 60	 194	 	 0.0	 0.0
3931	 5	 5	 21	 Austin	 30.2711286	 -97.7436995
3932	 0	 5	 15	 Stockholm	 59.3251172	 18.0710935
3933	 10	 22	 12	 	 0.0	 0.0
3934	 0	 3591	 38	 	 0.0	 0.0
3935	 0	 98	 290	 	 0.0	 0.0
3936	 0	 8719	 1330	 	 0.0	 0.0
3937	 1	 116	 629	 Marseille, FR	 43.2961743	 5.3699525
3938	 50	 1089	 1857	 Indianapolis	 39.7683331	 -86.1583502
3939	 1	 987	 1818	 Berlin	 52.5170365	 13.3888599
3940	 0	 11	 34	 	 0.0	 0.0
3941	 3	 529	 552	 Berlin	 52.5170365	 13.3888599
3942	 4	 123	 255	 Lisboa	 38.7077926	 -9.1365061
3943	 59	 162	 368	 Turin	 4.8150205	 -75.7148295514757
3944	 0	 228	 339	 Detroit	 42.3486635	 -83.0567375
3945	 2	 189	 306	 Berlin	 52.5170365	 13.3888599
3946	 1	 149	 194	 Berlin	 52.5170365	 13.3888599
3947	 4	 57	 333	 	 0.0	 0.0
3948	 0	 7	 62	 	 0.0	 0.0
3949	 8	 161	 98	 	 0.0	 0.0
3950	 1	 275	 73	 	 0.0	 0.0
3951	 17	 11004	 308	 	 0.0	 0.0
3952	 300	 1223961	 52	 Oakland, CA	 43.0317491	 -80.3310713
3953	 11	 50	 55	 Brooklyn	 25.0611359	 -77.3129254560189
3954	 9	 1699	 673	 Melbourne	 -37.8142176	 144.9631608
3955	 0	 40	 333	 Berlin	 52.5170365	 13.3888599
3956	 1	 198	 1595	 that planet	 36.1100625	 -115.171513145463
3957	 1	 6	 1	 	 0.0	 0.0
3958	 6	 15	 9	 	 0.0	 0.0
3960	 0	 579	 980	 toronto	 43.653963	 -79.387207
3961	 0	 732	 1028	 	 0.0	 0.0
3962	 0	 10	 10	 	 0.0	 0.0
3963	 21	 614	 33	 Jakarta	 -6.1753942	 106.827183
3964	 0	 60	 224	 	 0.0	 0.0
3965	 13	 128	 324	 Los Angeles	 34.054935	 -118.244476
3966	 9	 41	 26	 	 0.0	 0.0
3967	 0	 40	 265	 	 0.0	 0.0
3968	 24	 68	 43	 Berlin	 52.5170365	 13.3888599
3969	 6	 89	 78	 	 0.0	 0.0
3970	 0	 3	 6	 	 0.0	 0.0
3971	 3	 95	 12	 Prague	 35.4867369	 -96.6850174
3972	 4	 195	 779	 Paris	 48.8566101	 2.3514992
3973	 2	 11	 10	 	 0.0	 0.0
3974	 3	 18	 19	 	 0.0	 0.0
3975	 3	 80	 16	 Berlin	 52.5170365	 13.3888599
3976	 15	 168	 201	 	 0.0	 0.0
3977	 11	 355	 200	 New York City	 40.7306458	 -73.9866136
3978	 3	 202	 151	 London Town	 30.46906035	 -84.2757421113393
3979	 11	 3304	 76	 Toronto	 43.653963	 -79.387207
3980	 4	 1662	 784	 	 0.0	 0.0
3981	 0	 327	 780	 Nashville	 0.0	 0.0
3982	 7	 290	 58	 Geneva	 42.8689552	 -76.9777436
3983	 11	 610	 61	 North Hollywood	 34.1729044	 -118.3740371
3984	 0	 29	 62	 	 0.0	 0.0
3985	 5	 416	 305	 	 0.0	 0.0
3986	 0	 41	 196	 Bologna	 44.4936714	 11.3430347
3988	 370	 9307	 5	 berlin	 52.5170365	 13.3888599
3989	 47	 225	 19	 Philadelphia	 39.9523993	 -75.1635899
3990	 13	 1929	 42	 San Diego	 0.0	 0.0
3991	 0	 12	 9	 	 0.0	 0.0
3992	 126	 5240312	 45	 London	 51.5073219	 -0.1276474
3993	 18	 508	 3	 New York	 40.7306458	 -73.9866136
3994	 0	 15	 8	 New York City	 40.7306458	 -73.9866136
3995	 12	 57	 43	 London	 51.5073219	 -0.1276474
3996	 0	 29	 229	 Golden Valley	 46.3040364	 -109.1714312
3997	 6	 14	 46	 Pittsburgh	 40.4416941	 -79.9900861
3998	 7	 610	 1915	 New York	 40.7306458	 -73.9866136
3999	 0	 69	 246	 Globally Influenced	 0.0	 0.0
4000	 0	 6	 17	 city by the sea,bliss.	 0.0	 0.0
4001	 2	 210	 1103	 Barcelona	 41.3828939	 2.1774322
4002	 0	 15	 80	 New York	 40.7306458	 -73.9866136
4003	 0	 99	 973	 	 0.0	 0.0
4004	 0	 1986	 11	 Kansas City	 39.0844687	 -94.5630298
4005	 0	 77	 387	 South Jerz	 41.346497	 -72.804343
4006	 0	 589	 1999	 Burlington Vermont  	 44.4723989	 -73.2114941
4007	 3	 328	 1448	 Tokyo	 34.2255804	 139.294774527387
4008	 0	 87	 553	 	 0.0	 0.0
4009	 0	 40	 107	 	 0.0	 0.0
4010	 16	 90	 485	 Dallas	 32.7762719	 -96.7968559
4011	 16	 438	 2003	 Los Angeles	 34.054935	 -118.244476
4012	 25	 273	 233	 Calgary	 51.02532675	 -114.049868485806
4013	 0	 843	 2003	 Paris	 48.8566101	 2.3514992
4014	 0	 246	 499	 	 0.0	 0.0
4015	 3	 168	 446	 Olympia	 47.0450197	 -122.8948725
4016	 0	 40	 118	 	 0.0	 0.0
4017	 4	 82	 353	 Islamabad	 14.5538586	 121.1353647
4018	 2	 167	 564	 kumamoto	 32.6450475	 130.6341345
4019	 2	 253	 1190	 antwerpen	 51.2211097	 4.3997081
4020	 0	 1048	 1988	 Vilnius	 54.6870458	 25.2829111
4021	 0	 62	 464	 	 0.0	 0.0
4022	 18	 237	 197	 Marseille /Paris/Zurich/Detroit	 0.0	 0.0
4023	 0	 58	 307	 Philadelphia, PA	 39.9523993	 -75.1635899
4024	 54	 77	 123	 Paris	 48.8566101	 2.3514992
4025	 6	 71	 245	 Arhus	 56.1496278	 10.2134046
4026	 48	 312	 377	 Columbus	 39.9622601	 -83.0007065
4027	 0	 26	 344	 	 0.0	 0.0
4028	 0	 52	 236	 New York	 40.7306458	 -73.9866136
4029	 0	 16	 78	 Cairo	 37.0057958	 -89.1772449
4030	 0	 71	 450	 /Moskva //London///LA	 55.6770117	 37.5053295
4031	 0	 1187	 1983	 	 0.0	 0.0
4032	 2	 29	 222	 Fort Lauderdale	 26.1223084	 -80.1433786
4033	 4	 86	 400	 	 0.0	 0.0
4034	 0	 25	 131	 Brooklyn	 25.0611359	 -77.3129254560189
4035	 0	 51	 125	 Milpitas 	 37.4282724	 -121.9066238
4036	 4	 147	 394	 Kraków	 50.0619474	 19.9368564
4037	 3	 1532	 2002	 Kanagawa	 35.3149965	 139.35785319696
4038	 0	 630	 47	 Los Angeles	 34.054935	 -118.244476
4039	 0	 12	 116	 London	 51.5073219	 -0.1276474
4040	 0	 100	 456	 İstanbul, Türkiye \u0026 Genova	 0.0	 0.0
4041	 16	 62	 132	 Portland	 45.5202471	 -122.6741949
4042	 1	 3	 52	 Carteret	 34.8496625	 -76.5931208
4043	 1	 214	 719	 thurles	 52.6801547	 -7.8151008
4044	 14	 304	 556	 New York	 40.7306458	 -73.9866136
4045	 0	 209	 758	 Saint-Petersburg	 40.5555449	 -102.8171442
4046	 0	 381	 503	 Brooklyn	 25.0611359	 -77.3129254560189
4047	 0	 33	 130	 	 0.0	 0.0
4048	 0	 55	 257	 	 0.0	 0.0
4049	 1	 76	 605	 Brooklyn	 25.0611359	 -77.3129254560189
4050	 0	 224	 1106	 	 0.0	 0.0
4051	 3	 96	 249	 Indianapolis	 39.7683331	 -86.1583502
4052	 0	 102	 29	 Jakarta	 -6.1753942	 106.827183
4053	 24	 998	 146	 Los Angeles	 34.054935	 -118.244476
4054	 7	 66	 214	 Oakland	 37.8044557	 -122.2713563
4055	 3	 2001	 2001	 	 0.0	 0.0
4056	 0	 59	 360	 New York	 40.7306458	 -73.9866136
4057	 0	 254	 1200	 NY	 43.1561681	 -75.8449946
4058	 1	 274	 1420	 Chesapeake, Virginia                                    	 36.7183708	 -76.2466798
4059	 1	 511	 1942	 NY	 43.1561681	 -75.8449946
4060	 0	 2109	 1998	 	 0.0	 0.0
4061	 0	 301	 1121	 Philadelphia	 39.9523993	 -75.1635899
4062	 0	 42	 19	 San Francisco	 8.444585	 125.951249185475
4063	 0	 176	 131	 	 0.0	 0.0
4064	 3	 687	 3	 	 0.0	 0.0
4065	 7	 57	 19	 Brooklyn	 25.0611359	 -77.3129254560189
4066	 34	 365	 197	 	 0.0	 0.0
4068	 22	 105	 7	 	 0.0	 0.0
4069	 248	 6019	 52	 Chicago	 41.8755546	 -87.6244212
4070	 13	 190	 13	 New Orleans	 29.9499323	 -90.0701156
4071	 10	 11762	 27	 Los Angeles	 34.054935	 -118.244476
4072	 11	 1404	 107	 Chicago	 41.8755546	 -87.6244212
4073	 23	 927	 431	 	 0.0	 0.0
4074	 0	 23	 49	 	 0.0	 0.0
4075	 16	 378	 343	 Rio de Janeiro	 -22.9110137	 -43.2093727
4076	 7	 170	 730	 	 0.0	 0.0
4077	 6	 1243	 204	 Minneapolis	 44.9772995	 -93.2654692
4078	 0	 26	 76	 	 0.0	 0.0
4079	 11	 658	 47	 Boston, MA	 42.3604823	 -71.0595678
4080	 0	 75	 169	 	 0.0	 0.0
4081	 0	 16	 82	 	 0.0	 0.0
4082	 0	 53	 83	 Doncaster	 53.5227681	 -1.1335312
4083	 0	 106	 171	 chicago	 41.8755546	 -87.6244212
4084	 1	 81	 77	 Chicago	 41.8755546	 -87.6244212
4085	 0	 66	 178	 Sedgefield	 54.6538278	 -1.4538006
4086	 0	 147	 198	 Atlanta // Philadelphia	 33.724299	 -84.461102
4087	 0	 30	 195	 zurich	 37.182261	 -118.260475
4088	 0	 130	 121	 Franklin 	 42.5896205	 -72.6110645
4089	 0	 33	 5	 	 0.0	 0.0
4090	 4	 82	 175	 	 0.0	 0.0
4091	 0	 213	 2002	 Barcelona	 41.3828939	 2.1774322
4092	 304	 8194	 63	 Los Angeles, CA	 34.054935	 -118.244476
4093	 0	 332	 329	 Taipei	 25.0375167	 121.5637
4094	 0	 2	 1	 	 0.0	 0.0
4095	 23	 22	 80	 Minnesota	 0.0	 0.0
4096	 1	 307	 627	 Seattle	 47.6038321	 -122.3300624
4097	 0	 14	 16	 	 0.0	 0.0
4098	 31	 68	 133	 Portland	 45.5202471	 -122.6741949
4099	 7	 264	 982	 Boston	 42.3604823	 -71.0595678
4100	 3	 216	 190	 	 0.0	 0.0
4101	 16	 435	 2000	 Drag City 	 47.0352199	 23.3992046
4102	 0	 8	 144	 	 0.0	 0.0
4103	 0	 25	 30	 	 0.0	 0.0
4104	 43	 52	 195	 Bucharest	 0.0	 0.0
4105	 12	 528	 1072	 San Francisco	 8.444585	 125.951249185475
4106	 14	 220	 638	 Buenos Aires	 9.08251365	 -83.2465025101169
4107	 53	 1162	 853	 TR Streetz, NJ 	 0.0	 0.0
4108	 5	 364	 27	 Chicago	 41.8755546	 -87.6244212
4109	 0	 806	 1472	 Albuquerque New Mexico 	 35.0841034	 -106.6509851
4110	 17	 512	 1810	 Berlin-Kreuzberg	 52.4976443	 13.411914
4111	 40	 676	 251	 Los Angeles, CA	 34.054935	 -118.244476
4112	 0	 45	 268	 SF	 37.7792808	 -122.4192363
4113	 0	 46	 273	 	 0.0	 0.0
4114	 25	 486	 249	 New Jersey	 0.0	 0.0
4115	 2	 853	 15	 Sapporo, Hokkaido	 43.044768	 141.337215
4116	 128	 15152	 6	 Ghent	 37.6169488	 -81.1150199
4117	 13	 328	 98	 San Francisco	 8.444585	 125.951249185475
4118	 37	 168	 7	 New York	 40.7306458	 -73.9866136
4119	 51	 2424	 349	 South London	 26.3044273	 50.1694132
4120	 156	 23486	 20	 Seattle	 47.6038321	 -122.3300624
4121	 15	 277	 85	 ∞∞∞∞	 0.0	 0.0
4122	 37	 477	 312	 Northampton	 52.2385239	 -0.902493
4123	 0	 7259	 36	 	 0.0	 0.0
4124	 112	 3673	 294	 New Jersey	 0.0	 0.0
4125	 18	 17441	 221	 PNW	 37.0412584	 50.0068157
4126	 16	 1357	 50	 Los Angeles	 34.054935	 -118.244476
4127	 159	 10075	 35	 Los Angeles	 34.054935	 -118.244476
4128	 4	 903	 33	 	 0.0	 0.0
4129	 11	 1412	 321	 Los Angeles	 34.054935	 -118.244476
4130	 102	 245808	 7	 Philadelphia	 39.9523993	 -75.1635899
4131	 424	 226162	 1	 London	 51.5073219	 -0.1276474
4132	 570	 170791	 3	 	 0.0	 0.0
4133	 1229	 202801	 2	 Los Angeles \u0026 New York	 0.0	 0.0
4134	 1001	 183558	 10	 St. Paul	 44.9504037	 -93.1015026
4135	 32	 185252	 45	 Los Angeles	 34.054935	 -118.244476
4136	 300	 203744	 21	 London	 51.5073219	 -0.1276474
4137	 45	 556	 776	 NYC	 40.7306458	 -73.9866136
4138	 6	 24	 8	 	 0.0	 0.0
4139	 25	 2305	 41	 NY	 43.1561681	 -75.8449946
4140	 3	 16	 10	 London	 51.5073219	 -0.1276474
4141	 25	 86	 97	 Seattle	 47.6038321	 -122.3300624
4142	 8	 226	 189	 Seattle	 47.6038321	 -122.3300624
4144	 11	 22	 9	 	 0.0	 0.0
4145	 6	 54	 15	 Madison	 43.074761	 -89.3837613
4146	 69	 4021	 1	 Los Angeles	 34.054935	 -118.244476
4147	 12	 30	 24	 	 0.0	 0.0
4148	 49	 375	 13	 Jamaica Plain	 42.3098201	 -71.1203299
4149	 32	 451	 288	 Outside of America	 0.0	 0.0
4150	 11	 14	 15	 Austin, TX	 30.2711286	 -97.7436995
4151	 2	 22	 17	 Seattle	 47.6038321	 -122.3300624
4152	 53	 1302	 1055	 Portland	 45.5202471	 -122.6741949
4153	 13	 31	 39	 Olympia	 47.0450197	 -122.8948725
4155	 0	 144	 1	 	 0.0	 0.0
4156	 37	 41	 31	 Portland	 45.5202471	 -122.6741949
4157	 0	 37	 28	 	 0.0	 0.0
4158	 15	 1119	 1985	 San Diego	 32.7174209	 -117.1627714
4159	 28	 114	 102	 Brooklyn, NY	 40.6501038	 -73.9495823
4160	 47	 214	 102	 Olympia	 47.0450197	 -122.8948725
4161	 34	 608	 128	 Vienna	 38.9013013	 -77.2651585
4162	 2	 76	 60	 Seattle	 47.6038321	 -122.3300624
4163	 51	 210374	 41	 New York City	 40.7306458	 -73.9866136
4164	 4	 319123	 1	 Edinburgh	 55.9495628	 -3.1914972
4165	 226	 248601	 71	 Los Angeles	 34.054935	 -118.244476
4168	 11	 274003	 1	 Los Angeles	 34.054935	 -118.244476
4169	 124	 1233416	 25	 Vancouver	 49.262428	 -123.11554
4170	 20	 346	 25	 Tucson	 32.2218917	 -110.9262353
4171	 19	 380	 1	 CA, Los Angeles	 34.054935	 -118.244476
4172	 16	 1330	 4	 Los Angeles	 34.054935	 -118.244476
4173	 7	 1486	 1	 Brooklyn	 25.0611359	 -77.3129254560189
4174	 23	 3030	 11	 Moat Eel	 0.0	 0.0
4175	 14	 75	 60	 Los Angeles	 34.054935	 -118.244476
4176	 9	 747	 1868	 London	 51.5073219	 -0.1276474
4178	 9	 48	 5	 San Clemente	 33.4270275	 -117.6124179
4179	 8	 157	 40	 Portland	 45.5202471	 -122.6741949
4180	 2	 285	 38	 Los Angeles	 34.054935	 -118.244476
4181	 16	 197	 56	 San Francisco	 8.444585	 125.951249185475
4182	 23	 442	 53	 Los Angeles	 34.054935	 -118.244476
4183	 2	 1618	 12	 Los Angeles 	 34.054935	 -118.244476
4184	 2	 137	 40	 Oakland	 37.8044557	 -122.2713563
4185	 17	 107	 7	 Brooklyn	 25.0611359	 -77.3129254560189
4186	 5	 2465	 1969	 Allentown	 40.6022059	 -75.4712794
4187	 22	 324	 6	 los angeles	 34.054935	 -118.244476
4188	 24	 1251	 75	 Melbourne	 0.0	 0.0
4189	 9	 159	 116	 Los Angeles	 34.054935	 -118.244476
4190	 6	 81	 3	 Los Angeles, CA	 34.054935	 -118.244476
4191	 24	 303	 29	 los angeles	 34.054935	 -118.244476
4192	 144	 111072	 1892	 	 0.0	 0.0
4193	 41	 3988	 52	 Melbourne	 -37.8142176	 144.9631608
4194	 181	 57518	 86	 London	 51.5073219	 -0.1276474
4195	 2	 453	 763	 Berlin	 52.5170365	 13.3888599
4197	 163	 9352	 129	 New York	 40.7306458	 -73.9866136
4198	 1	 63	 59	 	 0.0	 0.0
4200	 20	 734	 21	 San Francisco	 8.444585	 125.951249185475
4201	 1	 1274	 127	 SAN FRANCISCO	 8.444585	 125.951249185475
4202	 2	 726	 24	 Leipzig	 51.3391827	 12.3810549
4203	 8	 251	 20	 Melbourne	 -37.8142176	 144.9631608
4204	 60	 1171	 31	 Berlin	 52.5170365	 13.3888599
4205	 13	 72	 23	 	 0.0	 0.0
4206	 17	 234	 241	 Brooklyn, New York	 42.4331178	 -78.7483629
4207	 15	 146	 102	 Beijing	 39.9059631	 116.391248
4208	 21	 1009	 208	 Jinhua City	 29.1026049	 119.992766288923
4209	 115	 3243	 245	 Shanghai	 39.4414872	 -78.1322246
4210	 17	 5040	 6	 Beijing	 39.9059631	 116.391248
4211	 7	 303	 1	 Beijing	 39.9059631	 116.391248
4212	 41	 42	 38	 Sydney	 -33.8548157	 151.2164539
4213	 44	 596	 594	 	 0.0	 0.0
4214	 5	 389	 60	 Melbourne	 -37.8142176	 144.9631608
4215	 3	 752	 134	 Brighton	 50.8220399	 -0.1374061
4216	 11	 159	 67	 London	 51.5073219	 -0.1276474
4217	 0	 2	 4	 	 0.0	 0.0
4218	 29	 698	 62	 Mount Lawley	 -15.72378	 127.4283
4219	 110	 5454	 169	 Auckland	 -36.8534665	 174.7655514
4222	 13	 454	 1135	 Sydney	 -33.8548157	 151.2164539
4224	 4	 300	 301	 Melbourne	 0.0	 0.0
4225	 5	 593	 50	 Melbourne	 -37.8142176	 144.9631608
4226	 2	 96	 17	 Mville	 33.190889	 -85.931137
4227	 2	 435	 79	 Sydney	 -33.8548157	 151.2164539
4228	 1	 87	 50	 	 0.0	 0.0
4229	 39	 1942	 1137	 Canberra/Sydney	 -35.27910685	 149.129948524237
4230	 25	 1095	 20	 Novosiberk	 0.0	 0.0
4231	 36	 730	 117	 Brisbane	 -27.4689682	 153.0234991
4232	 17	 258	 91	 Brisbane	 -27.4689682	 153.0234991
4233	 1	 234	 141	 Brisbane	 -27.4689682	 153.0234991
4234	 25	 312	 327	 Melbourne	 -37.8142176	 144.9631608
4235	 0	 87	 8	 Sydney	 -33.8548157	 151.2164539
4236	 315	 1545	 30	 Sydney	 -33.8548157	 151.2164539
4237	 19	 140	 143	 Sydney	 -33.8548157	 151.2164539
4238	 7	 127	 1	 Sydney	 -33.8548157	 151.2164539
4239	 7	 1756	 20	 KX / BM	 0.0	 0.0
4240	 6	 1001	 52	 NYC/ /BNE	 0.0	 0.0
4241	 2	 117	 30	 Sydney	 -33.8548157	 151.2164539
4243	 0	 684	 83	 Melbourne	 -37.8142176	 144.9631608
4244	 1	 178	 7	 	 0.0	 0.0
4245	 4	 594	 176	 Melbourne	 -37.8142176	 144.9631608
4247	 7	 118	 186	 Sydney	 -33.8548157	 151.2164539
4249	 18	 76	 518	 Chicago	 41.8755546	 -87.6244212
4251	 14	 255	 14	 	 0.0	 0.0
4255	 3	 627	 86	 New York 	 0.0	 0.0
4256	 0	 184	 23	 	 0.0	 0.0
4257	 40	 735	 112	 Chicago	 41.8755546	 -87.6244212
4259	 21	 1651	 10	 Los Angeles	 34.054935	 -118.244476
4260	 20	 1906	 88	 Los Angeles	 34.054935	 -118.244476
4262	 19	 1126	 50	 	 0.0	 0.0
4263	 11	 64	 9	 Montréal	 45.4972159	 -73.6103642
4264	 21	 396	 50	 	 0.0	 0.0
4265	 14	 258	 63	 	 0.0	 0.0
4266	 4	 45	 78	 Paris/London	 48.8699476	 2.3254321
4267	 7	 796	 200	 	 0.0	 0.0
4268	 19	 44	 30	 from mars	 47.2134255	 -1.5445018
4269	 18	 1220	 677	 dream life	 23.6278997	 58.1962498
4270	 25	 289	 335	 Athens, GA	 33.9550905	 -83.3881868
4271	 5	 126	 113	 Los Angeles	 34.054935	 -118.244476
4272	 3	 20	 14	 Los Angeles	 34.054935	 -118.244476
4273	 0	 41	 141	 whittier	 33.9748932	 -118.0336975
4274	 0	 44	 67	 	 0.0	 0.0
4275	 0	 33	 82	 	 0.0	 0.0
4276	 53	 1319	 1289	 San Francisco	 8.444585	 125.951249185475
4277	 5	 103	 43	 Los Angeles	 34.054935	 -118.244476
4278	 23	 399	 142	 San Gabriel Valley	 17.6210145	 121.7141386
4280	 31	 5268	 18	 Brooklyn	 25.0611359	 -77.3129254560189
4281	 47	 18224	 240	 Frankfurt am Main	 50.2164354	 8.6915513
4282	 9	 564	 1720	 	 0.0	 0.0
4283	 31	 189	 37	 Los Angeles	 34.054935	 -118.244476
4284	 29	 645	 97	 Latino - América	 -32.8236688	 -61.4115964
4285	 0	 29	 56	 	 0.0	 0.0
4286	 22	 127	 286	 LOS ANGELES 	 34.054935	 -118.244476
4287	 0	 26	 64	 	 0.0	 0.0
4288	 15	 206	 3	 	 0.0	 0.0
4289	 5	 505	 13	 Los Angeles 	 34.054935	 -118.244476
4290	 12	 4807	 478	 	 0.0	 0.0
4291	 7	 484	 27	 TOKYO	 34.2255804	 139.294774527387
4292	 32	 1781	 1073	 Tokyo	 34.2255804	 139.294774527387
4294	 5	 1750	 126	 	 0.0	 0.0
4296	 8	 972	 140	 	 0.0	 0.0
4297	 44	 1306	 35	 brooklyn	 25.0611359	 -77.3129254560189
4298	 9	 432	 71	 	 0.0	 0.0
4299	 334	 35937	 1	 Sunlandia	 0.0	 0.0
4300	 4	 22	 10	 	 0.0	 0.0
4302	 6	 96	 96	 	 0.0	 0.0
4303	 21	 340	 406	 Brooklyn	 25.0611359	 -77.3129254560189
4304	 6	 58	 2	 Los Angeles	 34.054935	 -118.244476
4305	 4	 15	 3	 神戸市	 34.6932379	 135.1943764
4306	 3	 172	 20	 Tokyo	 34.2255804	 139.294774527387
4307	 6	 90	 32	 Tokyo	 34.2255804	 139.294774527387
4308	 12	 799	 598	 	 0.0	 0.0
4310	 5	 114	 105	 神戸市	 34.6932379	 135.1943764
4312	 114	 1862	 35	 Fukuoka	 33.6251241	 130.6180016
4313	 8	 10008	 944	 	 0.0	 0.0
4314	 40	 122	 153	 Synth City	 46.3983985	 -75.0254028
4315	 6	 187	 249	 Urban Magic City	 0.0	 0.0
4316	 2	 1970	 58	 Tokyo	 34.2255804	 139.294774527387
4317	 3	 346	 180	 osaka	 49.5550753	 16.7174642
4318	 17	 3096	 1916	 Tokyo	 34.2255804	 139.294774527387
4319	 37	 117	 7	 Tokyo	 34.2255804	 139.294774527387
4320	 24	 196	 1	 osaka,kyoto	 34.9493438	 135.6371711
4321	 0	 15	 61	 	 0.0	 0.0
4322	 5	 87	 201	 tokyo	 34.2255804	 139.294774527387
4323	 8	 748	 1507	 Osaka	 49.5550753	 16.7174642
4324	 16	 1751	 523	 Osaka	 49.5550753	 16.7174642
4325	 22	 981	 49	 London/Barcelona	 51.51178	 -0.0836052
4326	 40	 538	 69	 Washington, D.C.	 36.29885175	 -82.3591933141095
4327	 7	 56	 11	 Osaka	 49.5550753	 16.7174642
4328	 5	 3509	 36	 Tokyo	 34.2255804	 139.294774527387
4330	 21	 84	 71	 Osaka	 49.5550753	 16.7174642
4331	 4	 26	 5	 Los Angeles	 34.054935	 -118.244476
4332	 2	 328	 239	 Tokyo	 34.2255804	 139.294774527387
4333	 48	 78	 62	 Brisbane/Kyoto	 0.0	 0.0
4334	 13	 65	 19	 Los Angeles	 34.054935	 -118.244476
4335	 6	 17	 11	 Tokyo	 34.2255804	 139.294774527387
4336	 0	 18	 24	 	 0.0	 0.0
4337	 35	 13973	 15	 madrid	 40.4167047	 -3.7035825
4338	 86	 429	 242	 Dallas	 32.7762719	 -96.7968559
4339	 36	 74	 80	 Hartford, CT	 41.7645491	 -72.6908673
4340	 13	 55	 116	 Brighton	 50.8220399	 -0.1374061
4341	 40	 218	 88	 tokyo	 34.2255804	 139.294774527387
4342	 5	 27	 6	 	 0.0	 0.0
4343	 4	 62	 81	 	 0.0	 0.0
4344	 22	 221	 616	 ....tokio.....	 34.2255804	 139.294774527387
4345	 0	 21	 108	 	 0.0	 0.0
4346	 7	 31	 46	 Chiba	 36.4503771	 5.0135375
4347	 10	 211	 83	 tokyo	 34.2255804	 139.294774527387
4348	 6	 10	 7	 Tokyo	 34.2255804	 139.294774527387
4349	 1	 25	 13	 Tokyo	 34.2255804	 139.294774527387
4350	 0	 60	 403	 Savannah	 32.0835407	 -81.0998342
4351	 0	 68	 186	 	 0.0	 0.0
4353	 56	 285193	 6	 Los Angeles	 34.054935	 -118.244476
4354	 4	 117	 6	 	 0.0	 0.0
4355	 78	 15016	 305	 ΚΨΛ, Athens	 0.0	 0.0
4356	 151	 41669	 78	 Amsterdam	 0.0	 0.0
4357	 115	 12212	 1062	 Berlin	 52.5170365	 13.3888599
4358	 4	 678	 140	 athens	 33.9550905	 -83.3881868
4359	 224	 34420	 48	 Berlin	 52.5170365	 13.3888599
4360	 38	 6055	 1018	 Sonora	 29.3333331	 -110.6666671
4361	 3	 855	 1	 	 0.0	 0.0
4362	 21	 3788	 67	 	 0.0	 0.0
4363	 249	 68255	 6	 Brooklyn	 25.0611359	 -77.3129254560189
4364	 1	 403	 5	 CA	 61.0666922	 -107.9917071
4366	 12	 817	 490	 	 0.0	 0.0
4367	 1	 167	 396	 	 0.0	 0.0
4368	 12	 408	 27	 Gothenburg	 40.929562	 -100.160516
4369	 2	 119	 20	 	 0.0	 0.0
4370	 0	 5	 11	 Göteborg	 57.7072326	 11.9670171
4372	 3	 38	 13	 Paris	 48.8566101	 2.3514992
4373	 12	 8524	 37	 	 0.0	 0.0
4374	 31	 4445	 153	 Paris	 48.8566101	 2.3514992
4375	 8	 2287	 93	 Paris	 48.8566101	 2.3514992
4376	 11	 930	 22	 Paris	 48.8566101	 2.3514992
4377	 34	 1013	 179	 	 0.0	 0.0
4378	 2	 163	 399	 Ciudad de México	 19.4326009	 -99.1333416
4379	 16	 1217	 205	 New York City	 40.7306458	 -73.9866136
4380	 11	 135	 84	 Portland	 45.5202471	 -122.6741949
4381	 5	 306	 527	 Barcelona	 41.3828939	 2.1774322
4382	 22	 207	 411	 San Diego	 32.7174209	 -117.1627714
4383	 9	 416	 23	 	 0.0	 0.0
4384	 8	 27	 2	 olympia	 47.0450197	 -122.8948725
4385	 1400	 72233	 1933	 West Los Angeles	 34.0463986	 -118.448135
4386	 1	 96	 152	 Canelones	 -34.5242373	 -56.2817519
4387	 27	 766	 70	 San Francisco	 8.444585	 125.951249185475
4388	 0	 11	 165	 Ciudad de México	 19.4326009	 -99.1333416
4389	 0	 3	 3	 	 0.0	 0.0
4390	 15	 399	 112	 	 0.0	 0.0
4391	 12	 622	 652	 Houston	 29.7589382	 -95.3676974
4392	 4	 10	 56	 	 0.0	 0.0
4393	 0	 66	 678	 	 0.0	 0.0
4394	 3	 29	 83	 Houston TX	 29.7589382	 -95.3676974
4395	 5	 140	 330	 	 0.0	 0.0
4396	 0	 109	 923	 	 0.0	 0.0
4397	 15	 157	 192	 DF	 -15.7754462	 -47.7970891
4398	 0	 140	 165	 	 0.0	 0.0
4399	 8	 160	 100	 Monterrey	 25.63978365	 -100.293101629066
4400	 1	 444	 1992	 Salamanca	 40.9651572	 -5.6640182
4401	 24	 542	 2000	 	 0.0	 0.0
4402	 9	 59	 276	 Xalapa Enríquez	 19.5274085	 -96.9238793
4403	 7	 167	 361	 Wuppertal	 0.0	 0.0
4404	 15	 982	 499	 D.F.	 19.3273399	 -99.0191905
4405	 0	 61	 69	 	 0.0	 0.0
4406	 23	 124	 359	 queretaro	 32.5527641	 -115.1532423
4407	 0	 32	 151	 D.F	 19.3273399	 -99.0191905
4408	 12	 824	 42	 DF	 -15.7754462	 -47.7970891
4409	 0	 53	 287	 mexico city	 19.4326009	 -99.1333416
4410	 14	 661	 218	 Mexico City	 19.4326009	 -99.1333416
4411	 0	 45	 81	 DF	 -15.7754462	 -47.7970891
4412	 0	 5	 10	 	 0.0	 0.0
4413	 40	 10013	 478	 Los Angeles	 34.054935	 -118.244476
4414	 160	 1838	 919	 	 0.0	 0.0
4415	 2	 257	 819	 Puebla	 18.833333	 -98.0
4416	 2	 167	 435	 Ciudad de México	 19.4326009	 -99.1333416
4417	 0	 48	 157	 Ciudad de México	 19.4326009	 -99.1333416
4418	 7	 50	 407	 EDOMEX	 19.011445	 -100.39191
4419	 0	 45	 118	 Ciudad de México	 19.4326009	 -99.1333416
4420	 4	 269	 1813	 Distrito Federal	 16.5904056	 -93.027994
4421	 1	 12531	 2002	 Yggdrasil	 48.2134095	 12.6005549
4422	 15	 1765	 1999	 	 0.0	 0.0
4423	 14	 273	 280	 Guadalajara	 40.7399963	 -2.50593002588473
4424	 0	 33	 132	 	 0.0	 0.0
4425	 3	 166	 739	 San Juan 	 0.0	 0.0
4426	 1	 9	 13	 Cholula de Rivadavia	 19.0613889	 -98.3061111
4427	 9	 428	 117	 	 0.0	 0.0
4428	 2	 26	 86	 	 0.0	 0.0
4429	 0	 23	 54	 Xalapa, Veracruz.	 19.5274085	 -96.9238793
4430	 0	 118	 483	 mexico	 19.4326009	 -99.1333416
4431	 21	 199	 928	 Ciudad de México	 19.4326009	 -99.1333416
4432	 0	 138	 422	 Puebla	 18.833333	 -98.0
4433	 0	 50	 91	 	 0.0	 0.0
4434	 9	 101	 154	 	 0.0	 0.0
4435	 0	 17	 169	 Lisbon	 46.441634	 -97.68121
4437	 8	 30	 155	 Chicago	 41.8755546	 -87.6244212
4438	 17	 794	 171	 chicago	 41.8755546	 -87.6244212
4439	 0	 33	 66	 Los Angeles	 34.054935	 -118.244476
4440	 23	 139	 213	 chicago	 41.8755546	 -87.6244212
4441	 0	 62	 163	 	 0.0	 0.0
4442	 4	 72	 27	 Omaha, Nebraska	 41.2587317	 -95.9378732
4443	 3	 260	 48	 Omaha	 41.2587317	 -95.9378732
4444	 21	 5043	 145	 New York	 40.7306458	 -73.9866136
4445	 0	 22	 63	 Chicago, USA	 41.8755546	 -87.6244212
4446	 25	 324	 73	 WORLD VIEW	 0.0	 0.0
4447	 31	 218	 224	 	 0.0	 0.0
4448	 0	 37	 14	 Chicago	 41.8755546	 -87.6244212
4449	 9	 80	 165	 Berlin	 52.5170365	 13.3888599
4450	 0	 37	 52	 Toledo	 41.6786754	 -83.5127283
4451	 2	 239	 102	 Chicago	 41.8755546	 -87.6244212
4452	 9	 309	 246	 New Orleans	 29.9499323	 -90.0701156
4453	 6	 41	 30	 ROGERS PARK	 61.1980556	 -149.8491667
4454	 0	 85	 230	 The land of  'Ooo' 	 43.20565375	 40.2878917017677
4455	 10	 78	 43	 Los Angeles	 34.054935	 -118.244476
4456	 1	 3	 15	 	 0.0	 0.0
4457	 3	 43	 38	 Los Angeles	 34.054935	 -118.244476
4458	 34	 6735	 1309	 Monterrey	 25.63978365	 -100.293101629066
4459	 0	 5	 11	 	 0.0	 0.0
4460	 0	 17	 39	 Los Angeles	 34.054935	 -118.244476
4461	 0	 2	 2	 	 0.0	 0.0
4462	 0	 7	 14	 	 0.0	 0.0
4463	 0	 2	 3	 	 0.0	 0.0
4464	 0	 8	 6	 	 0.0	 0.0
4465	 2	 176	 906	 New York	 40.7306458	 -73.9866136
4466	 24	 1504	 41	 Los Angeles	 34.054935	 -118.244476
4467	 11	 45	 45	 North Las Vegas 	 36.2008371	 -115.1120958
4468	 10	 14	 21	 Reno	 39.52927	 -119.8136744
4469	 24	 56	 20	 Los Angeles, CA	 34.054935	 -118.244476
4470	 0	 13	 4	 	 0.0	 0.0
4471	 12	 187	 619	 Costa Mesa	 33.6633386	 -117.903317
4472	 5	 42	 2	 San José	 37.3361905	 -121.8905833
4473	 12	 20	 17	 	 0.0	 0.0
4475	 0	 724	 5	 Tijuana	 32.5008626	 -116.9641657
4476	 9	 270	 18	 Mexico City	 19.4326009	 -99.1333416
4477	 12	 727	 12	 Mexico City	 19.4326009	 -99.1333416
4478	 28	 2534	 59	 Madrid	 40.4167047	 -3.7035825
