0 1041
0 1042
0 1043
0 1044
0 1045
0 696
0 1046
1 1047
1 1048
1 1049
1 1050
1 1051
1 1052
1 1053
1 1054
1 1055
1 1056
1 1057
1 1058
1 1059
1 1060
1 1061
1 1062
1 1063
1 1064
1 1065
1 1066
1 1067
1 1068
1 1069
1 1070
1 1071
1 1072
1 1073
1 1074
1 1075
1 1076
1 1077
1 1078
1 1079
1 1080
1 1081
1 1082
1 1083
1 1084
1 1085
1 1086
1 1087
1 1088
1 1089
1 1090
1 1091
1 1092
1 1093
1 1094
1 1095
1 1096
1 1097
1 1098
1 1099
1 1100
1 1101
1 1102
1 1103
1 1104
1 1105
1 1106
1 1107
1 1108
1 1109
1 1110
1 1111
1 1112
1 1113
1 1114
1 1115
1 1116
1 1117
1 1118
1 1119
1 1120
1 1121
1 1122
1 1123
1 1124
1 1125
1 1126
1 1127
1 1128
1 1129
1 1130
3 1131
3 1132
3 1133
3 1134
3 168
3 1135
3 56
3 1136
3 472
3 1137
3 1138
3 1139
3 1140
3 1141
3 1142
3 458
3 811
3 1143
3 1144
3 1145
3 1146
3 1147
3 1148
3 1149
3 1150
3 1151
3 1152
3 1153
3 1154
3 1155
3 1156
3 1157
3 1158
3 1159
3 1160
3 1161
3 1162
3 1163
3 1164
3 1165
3 1166
3 1167
3 1168
3 1169
3 1170
3 1171
3 1172
3 1173
3 1174
3 1175
3 1176
3 1177
3 1178
3 871
3 1179
3 1180
3 1181
3 1182
3 1183
3 1184
4 1185
4 1186
4 1187
4 1188
4 1189
4 1190
4 1191
4 1192
4 1193
4 1194
4 1195
4 1196
4 1197
4 1198
4 1199
4 388
4 1200
4 1201
4 1202
4 1203
4 1204
4 1205
4 1206
4 1207
4 1208
4 1209
4 1210
4 1211
4 1212
4 1213
4 1214
4 1215
4 1216
4 1217
4 1218
4 1219
4 1220
4 1221
4 1222
4 1223
4 1224
4 1225
4 1226
4 1227
4 1228
4 1229
4 368
4 1230
4 1231
4 1232
6 1233
6 1234
6 1235
6 1236
6 1237
6 157
6 1238
6 332
6 1239
6 1240
6 453
6 159
6 684
6 1241
6 1242
6 182
6 1243
6 1244
6 1245
6 1246
6 1247
6 1248
6 1249
6 1250
6 1251
6 1252
6 1253
6 1254
6 1255
7 1256
7 1257
7 1258
7 393
7 1198
7 1259
7 1260
8 1261
8 1262
8 1263
8 1264
8 1265
8 1266
8 1267
8 1268
8 1269
8 1270
8 1271
8 1272
8 1273
8 1274
8 1275
8 1276
8 1277
8 1278
8 1279
8 1280
8 1281
8 1282
8 1283
8 1284
8 1285
8 1286
8 1287
8 1288
8 1289
8 1290
8 1291
8 1292
8 1293
8 1294
8 1295
8 1296
8 1297
8 1298
8 1299
8 1300
8 1301
8 1302
8 1303
8 1304
8 1305
8 1306
8 1307
8 1308
8 1309
8 1310
8 1311
8 1312
8 1313
8 1314
8 1315
8 1316
8 1317
8 1318
8 1319
8 1320
8 1321
8 1322
8 1323
8 1324
8 1325
8 1326
8 1327
8 1328
8 1329
8 1330
8 1331
8 1332
9 1333
9 1334
9 1335
9 1336
9 1337
9 1338
9 1339
9 1175
9 1340
9 1341
9 1342
9 1343
9 1344
9 1345
9 1346
9 1347
9 1348
9 1349
9 1350
9 1351
9 1352
9 1353
9 1354
9 1355
9 1356
9 1357
9 1358
9 1359
9 1360
9 1361
9 1362
9 1363
9 1364
9 1365
9 1366
9 1367
9 1368
9 1369
9 1370
9 1371
9 1372
9 1373
9 1374
9 1375
9 1376
9 1377
9 1378
9 1379
10 1380
10 1381
10 1382
10 1383
10 1384
10 1385
10 1386
10 1387
10 1388
10 1389
10 1390
10 1391
10 1392
10 1393
10 1394
10 1395
10 1396
10 1397
10 1398
10 1399
10 1400
10 1401
10 1402
10 1403
10 1404
10 1405
10 1406
10 1407
10 1408
10 1409
10 122
10 357
10 1410
10 1411
10 1412
10 1413
10 1414
11 1415
11 1416
11 1417
11 1418
11 1419
11 1420
11 1421
11 1422
11 1423
11 1424
11 1425
11 1426
11 1427
11 1045
11 1428
11 1429
11 1430
11 1431
11 1432
11 1433
11 1434
11 1435
11 1436
11 1437
11 1438
11 1439
11 1440
11 1441
11 1442
11 1443
11 1444
11 1445
11 1446
11 1447
11 1448
11 1449
11 1450
11 1451
11 1452
11 1453
11 1454
11 1455
11 1456
11 1457
11 1458
11 1459
11 1460
11 1461
11 1462
11 1463
11 1464
11 1465
11 1466
11 1467
11 1468
11 1469
11 1470
11 1471
11 1472
11 1473
11 1474
11 1475
11 1476
11 1477
11 1478
11 1479
11 1480
11 1481
11 1482
11 1483
11 1484
11 1485
12 1486
12 1487
12 1488
12 1489
12 1490
12 1491
12 1492
12 1493
12 1494
12 1495
12 1496
12 1497
12 1498
12 1499
12 1500
12 1501
12 1502
12 1503
12 1504
12 1505
12 1506
12 1507
12 1508
12 1509
12 1510
12 1511
12 1512
12 1513
12 1514
12 1515
12 1516
12 1517
12 1518
12 1519
12 1520
12 1521
12 1522
12 1523
12 1524
12 1525
12 1526
12 1527
12 1528
12 1529
12 1530
12 1531
12 1532
12 1533
12 1534
12 1535
12 1536
12 1537
12 1538
12 1539
12 1540
12 1541
12 1542
12 1543
12 1544
12 1545
12 1546
12 1547
12 1548
12 1549
12 1550
12 1551
12 1552
12 1553
12 1554
12 1555
12 1556
12 1557
14 173
14 1558
14 1559
15 1560
15 1561
15 1562
15 1563
15 1564
15 1565
15 1566
16 1567
16 1568
16 1569
16 1570
16 1571
16 1572
16 1573
16 1574
16 1390
16 1575
16 1576
16 1577
16 1578
16 1579
16 122
16 1580
16 1581
16 1582
16 1583
16 1584
16 1585
16 1189
16 1586
16 1587
16 1588
16 1589
16 1399
16 1590
16 1591
16 1592
16 1593
16 1594
16 1595
16 1381
16 1596
16 1597
16 1598
16 1599
16 1600
16 1601
16 1602
16 1603
16 1604
16 1605
16 1606
16 1607
16 1608
16 1609
16 1610
16 1611
16 1612
16 1613
16 1614
16 1615
16 1616
16 1617
16 1618
16 1619
16 1620
16 1621
16 1622
16 1623
16 1624
16 1625
16 1626
16 1627
16 1628
16 1629
16 1630
16 1631
16 1632
16 1633
18 1634
18 1635
18 492
18 1636
19 1637
19 1638
19 1639
19 1640
19 1641
19 1642
19 1643
19 1644
19 1645
19 1646
19 1647
19 1648
19 1649
19 1650
19 1651
19 1652
19 1653
19 1654
19 1655
19 1656
19 1657
20 1658
20 1659
20 1660
20 1661
20 1662
20 1663
20 1664
20 1665
20 1666
20 1667
20 1668
20 1669
20 1670
20 1671
20 1672
20 1673
20 1674
20 1675
20 1676
20 1677
20 1678
20 990
20 1679
20 1680
20 1681
20 1682
20 1683
20 1684
20 1685
20 1686
20 1687
20 999
20 1688
20 1689
20 1690
20 1691
20 1692
20 1693
20 1694
20 1695
20 1696
20 1697
20 1698
20 1699
20 1700
20 1701
20 1702
20 1703
20 1704
20 1705
20 1706
20 1707
20 1708
20 1709
20 1710
20 1711
20 1712
20 1713
20 1714
20 1715
21 1716
21 1717
21 1718
21 819
21 1719
21 1720
21 1721
21 1133
21 1722
21 1723
21 1724
21 393
21 595
21 1725
21 1259
24 1726
24 0
24 1727
24 1728
24 1729
24 1730
24 1731
24 1732
24 1733
24 1734
24 1735
24 1736
24 1737
24 1738
24 1739
24 1740
24 1741
24 1742
24 1743
24 1744
24 1745
24 1746
24 1747
24 1748
24 1749
24 1750
24 1751
24 1752
24 1753
24 1754
24 1755
24 1756
24 1757
24 1045
24 1758
24 1759
24 1760
24 1761
24 1762
24 1763
24 1764
24 1480
24 1765
24 1766
24 1767
24 1768
24 1769
24 1770
25 1771
25 1772
26 1773
26 1774
26 1775
26 1776
26 1777
26 1778
26 1779
26 1780
26 1781
26 1782
26 1783
26 1784
26 1785
26 1786
26 1787
26 1788
26 1789
26 1790
26 1791
26 1792
26 1793
26 1794
26 1795
26 1796
26 1797
26 1798
26 1799
26 1800
26 1801
26 1802
26 1803
26 1804
26 1805
26 1806
26 1807
26 1808
26 1809
26 1810
26 1811
26 1812
26 1813
26 1814
26 1815
26 688
26 1816
26 1817
26 1818
26 1819
26 1820
26 1821
26 1822
26 1823
26 1824
26 1825
26 1826
26 1827
26 1828
26 1829
26 1830
26 1831
26 1832
26 1833
26 1834
26 1835
26 1836
26 1837
26 1838
26 1839
26 1840
26 1841
26 1842
26 1843
27 1844
27 1845
27 1512
27 1846
29 1847
29 1848
29 1849
29 1850
29 1851
29 1852
29 1853
29 1854
29 1855
29 1856
29 1650
29 1626
29 1857
29 1858
29 39
29 1859
29 1255
29 1860
29 1861
29 1862
29 1863
29 1864
29 1865
29 1866
29 1867
29 1868
29 1869
29 1870
29 1871
29 1872
29 1873
29 1874
29 1875
29 1876
29 1877
29 1878
29 1879
29 1880
29 1881
29 1882
29 1883
29 1884
29 1885
29 1886
29 1887
29 1888
29 1889
29 1890
29 1891
29 1892
30 1893
30 357
30 31
30 1894
30 1577
30 1895
30 1896
30 1897
30 1412
30 122
31 16
31 1898
31 1569
31 1899
31 1900
31 1901
31 1902
31 1903
31 1904
31 1905
31 1906
31 1907
31 1908
31 1909
31 1910
31 1911
31 1912
31 1913
31 1914
31 1915
31 1916
31 1917
31 1918
31 1919
31 1920
31 1921
31 1922
31 1923
31 1924
31 1925
31 1926
31 1927
31 1928
31 1929
31 1930
31 1931
31 1932
31 1933
31 1934
31 1935
31 1936
31 1937
31 1938
31 1939
31 1940
31 1941
31 1942
31 1943
31 1944
31 1945
31 1946
31 1947
31 1948
31 1949
31 1950
31 1951
31 1568
31 892
31 1952
31 1953
31 1954
31 1955
31 357
31 1956
31 1957
31 1958
31 1959
31 1628
31 1960
31 1217
31 1961
31 1962
32 1963
32 1964
32 1965
32 1966
32 1967
32 1968
32 1969
32 1970
32 1971
32 1972
32 1973
32 1974
32 1975
32 1976
32 1977
32 1978
32 1979
32 1980
32 1981
32 1982
32 1983
32 1984
32 1985
32 1986
32 1987
32 1988
32 1989
32 1990
32 1991
32 1992
32 1993
32 1994
32 1995
32 1996
32 1997
32 1998
32 1999
32 2000
32 2001
32 2002
32 2003
32 2004
32 2005
32 2006
32 2007
32 2008
32 2009
32 2010
32 2011
32 2012
32 2013
32 2014
32 2015
32 2016
32 2017
32 2018
32 2019
32 2020
32 2021
32 2022
33 2023
33 2024
33 2025
33 2026
33 2027
33 2028
33 2029
34 2030
34 2031
34 2032
34 2033
34 2034
34 2035
34 2036
34 2037
34 2038
34 254
34 2039
34 2040
34 2041
34 2042
34 1234
34 2043
34 2044
35 2045
35 2046
35 2047
35 2048
37 2049
37 2050
37 2051
37 2052
37 2053
37 2054
37 2055
37 2056
37 2057
37 2058
37 2059
37 2060
37 2061
37 2062
37 332
37 2063
39 2064
39 2065
39 2066
39 2067
39 2068
39 2069
39 2070
39 2071
39 2072
39 2073
39 2074
39 2075
39 2076
39 2077
39 2078
39 2079
39 2080
39 2081
39 2082
39 2039
39 2083
39 2084
39 2085
39 2086
39 2087
39 2088
39 2089
39 2090
39 518
39 2091
39 2092
39 2093
39 1240
39 2094
39 2095
39 2096
39 1237
39 2097
39 2098
39 2099
39 2100
39 2101
39 2102
39 2103
39 2104
39 2105
39 2106
39 2107
39 2108
39 2109
39 2110
39 2111
39 2112
39 365
39 2113
39 2114
39 2115
39 2116
39 2117
39 2118
39 2119
39 2120
39 2121
39 2122
39 2123
39 2124
39 2125
39 2126
39 2127
39 2128
39 2129
39 2130
40 2131
40 2132
40 2133
40 2134
40 2135
40 2136
40 2137
40 2138
40 2139
40 2140
40 2141
40 2142
40 2143
40 2144
40 2145
40 2146
40 2147
40 1428
40 2148
40 2149
40 2150
40 2151
40 2152
40 2153
40 731
40 2154
40 2155
40 2156
40 2157
40 2158
40 2159
40 372
40 2160
40 2127
40 2161
40 2162
40 2163
40 2164
40 2165
40 2166
40 2167
40 2168
40 2169
40 2170
40 2171
40 2172
40 2173
40 2174
40 2175
40 2176
40 2177
40 2178
40 2179
40 2180
40 2181
40 2182
40 2183
40 2184
40 2185
40 2186
40 2187
40 2188
40 2189
40 2190
40 2191
40 2192
40 2193
40 504
40 2194
40 2195
40 2196
40 2197
41 2198
41 2199
41 2200
41 2201
41 2202
41 2203
41 2204
41 2205
41 2206
41 2207
41 2208
41 2209
41 2210
41 2211
41 935
41 2212
41 2213
41 2214
41 2215
41 2042
41 2216
41 2217
41 2218
41 2219
41 2220
41 2221
41 2222
41 2223
41 482
41 2224
41 2225
41 2226
41 2227
41 2228
41 2229
41 452
41 2230
41 2231
41 2232
41 2233
41 2234
41 2235
41 2236
41 2237
41 2238
41 2239
41 2240
41 1337
41 2241
41 2242
41 2243
41 2244
41 2245
41 2246
41 2247
41 2248
41 2249
41 2250
41 2251
41 2252
41 2253
41 2254
41 2255
41 2256
41 2257
41 257
41 2258
41 2259
41 235
41 2260
41 2261
41 2262
42 2263
42 2264
42 2265
42 2266
42 2267
42 2268
42 2269
42 2270
42 2271
42 2272
42 2273
42 2274
42 2275
42 2276
42 2277
42 2278
42 2279
42 2280
42 2281
42 2282
42 2283
42 2284
42 2285
42 2286
42 2287
42 2288
42 1100
42 2289
42 2290
42 2291
42 2292
42 2293
42 2294
42 65
42 2295
42 2296
42 2297
42 2298
42 2299
42 2300
42 2301
42 2302
42 2303
42 2304
42 2305
42 2306
42 2307
43 2308
43 2309
43 2310
43 2311
43 2312
43 2313
43 2314
43 2315
43 2316
43 2317
43 2318
43 2319
43 1725
43 2320
43 2321
43 2322
43 2323
43 2324
43 2325
43 2326
43 2327
43 2328
43 2329
43 2330
43 2331
43 2332
43 2333
43 2334
43 2335
43 2336
43 2337
43 2338
43 2339
43 2340
43 21
43 2341
43 2342
43 2343
43 2344
43 2345
43 2346
43 2347
43 2348
43 2349
43 591
43 2350
43 2351
43 2352
43 2353
43 2354
43 2355
43 2356
43 2357
43 2358
43 2359
43 2360
43 2361
43 2362
43 2363
43 2364
45 2365
45 2366
45 2367
45 551
45 2368
45 2369
45 2370
45 2371
45 2372
45 2373
45 2374
45 2375
45 2376
45 2377
47 2378
47 2379
47 2380
47 2381
47 2382
47 2383
47 2384
47 2385
47 2386
47 2387
47 2388
47 2067
47 2389
47 2390
47 2391
47 2392
47 2393
47 2394
47 2395
47 2396
47 246
47 2397
47 2127
47 2398
47 2399
47 2400
47 2401
47 2402
47 2403
47 2404
47 2405
47 2406
47 2407
47 39
47 2408
47 2409
47 2410
47 2411
47 2412
47 2413
47 2414
47 2415
47 2416
47 2417
47 2418
47 2419
47 2420
47 2421
47 2422
47 2423
47 2424
47 2166
47 1428
47 2425
47 2145
47 2426
47 2427
47 2428
47 2429
47 2430
48 56
48 2431
48 2432
48 2433
48 2434
48 2435
48 472
48 2436
48 2437
50 2438
50 2439
50 2440
50 2441
50 2442
50 2443
50 2444
50 2445
50 2446
50 2447
50 2448
50 2449
50 2450
50 2451
50 2452
50 2453
50 2454
50 2455
50 2456
50 2457
50 1761
50 2458
51 2459
51 2460
51 271
51 44
51 498
51 480
51 2461
51 370
51 2462
51 1238
51 2463
51 2464
51 2465
53 2466
53 2467
53 2468
53 2469
55 2470
55 2471
55 2472
55 2473
55 2474
55 2475
55 2476
55 2477
55 2478
55 2479
55 2302
55 2480
55 2481
55 2482
55 2483
55 2484
55 2485
55 2486
55 2487
55 2488
55 2489
55 2490
55 2491
55 2492
55 2493
55 2494
55 2495
55 2496
55 2497
55 2498
55 2499
55 2500
55 2501
55 2502
55 2503
55 2504
55 2505
55 2506
55 2507
55 2508
55 2509
55 2510
55 2511
55 2512
55 2513
55 2514
55 2515
55 2516
55 2517
55 2518
55 2519
55 2520
55 2521
55 2522
55 2523
55 2524
55 2525
55 2526
55 2527
55 2528
55 2529
55 2530
55 2531
55 2532
55 2533
55 2534
55 2535
55 2536
55 2537
55 2538
55 2539
55 2540
56 2541
56 2542
56 2543
56 2544
56 2545
56 2096
56 1866
56 2546
56 2547
56 366
56 2152
56 2548
56 2549
56 2550
56 2551
56 2552
56 484
56 2553
56 2554
56 813
56 2555
56 2556
56 2557
56 2558
56 2559
56 2560
56 2561
56 2562
56 2563
56 2564
56 2565
56 2566
56 2567
56 2568
56 2569
56 2062
56 247
56 2570
56 2571
56 365
56 2572
56 2573
56 40
56 2574
56 669
56 2575
56 814
56 2576
56 2577
56 2578
56 2193
56 1244
56 2579
56 2580
56 681
56 2581
56 2582
56 2583
56 2584
56 2585
56 2586
56 2587
56 2588
56 2589
56 2590
56 2591
56 2592
56 2194
56 478
56 2593
56 509
56 2594
57 2595
58 2596
58 2597
58 2598
58 2599
58 2600
58 2601
58 2602
58 2603
58 2604
58 2605
58 2606
58 2607
58 2608
58 2609
58 2610
58 2611
58 2612
58 2613
58 2614
58 2615
58 2616
58 2617
58 2618
58 2619
58 2620
58 2621
58 2622
58 2623
58 2624
58 2625
58 2626
58 2627
58 2628
58 2629
58 2630
58 2631
58 2632
58 2633
58 2634
58 2635
58 2636
58 2637
58 2638
58 2639
58 2640
58 2641
58 2642
58 2643
58 2644
58 2645
58 2646
58 2647
60 2648
60 2649
60 2650
60 2651
60 2652
60 2653
60 2654
60 2655
60 2656
60 2657
60 2658
60 2659
60 2660
60 2661
60 2662
60 2663
60 2664
60 2665
60 2666
60 2667
60 2668
60 2669
60 1941
60 2670
60 2671
60 2672
60 2673
60 2674
60 2675
60 2676
60 2677
60 2678
60 2679
60 2680
60 2681
60 2682
60 2683
60 2684
60 2685
60 2686
60 2687
60 2688
60 2689
60 2690
60 2691
60 2692
60 2693
60 2694
60 2695
60 2696
60 2697
60 2698
60 2699
60 2700
60 2701
60 2702
60 2703
60 2704
60 2705
60 2706
60 2707
60 2708
60 2709
60 2710
60 2711
60 2712
60 2713
60 2714
60 2715
60 2716
60 2717
60 2718
62 2719
62 2720
62 2721
62 2722
62 2723
62 2724
62 2725
62 2726
62 2727
62 2728
62 2729
62 2730
62 2731
62 2732
62 2733
62 2734
62 2735
62 2736
62 2737
62 2738
62 2739
62 2740
62 2741
62 587
62 2742
62 2743
62 2744
62 2745
62 2746
62 2747
62 1655
62 2748
62 2749
62 2750
62 2751
62 2752
62 2753
62 2754
62 2755
62 2756
62 2436
62 2757
62 2758
62 2759
62 2760
62 2761
62 1473
62 2762
62 2763
62 2764
62 2765
62 183
62 2766
62 2767
62 2768
62 2769
62 2770
62 2771
62 472
62 2772
62 2773
62 2774
62 2775
63 2776
63 2777
63 2778
63 2561
63 2779
63 2780
63 2781
63 2782
63 2783
63 2784
63 2785
63 2786
63 2787
63 2788
63 2789
63 2790
63 2791
63 2792
63 2793
63 551
63 2794
63 2795
63 2796
63 2797
63 2798
63 2799
63 2800
63 2801
63 2802
63 2440
63 77
63 2803
63 2804
63 2805
63 2806
63 2773
63 2807
63 2808
63 2809
63 2810
63 81
63 2811
63 2433
63 2812
63 86
63 2813
63 2814
63 2815
63 2816
63 2454
63 2817
63 2818
63 2819
63 2820
63 2821
63 2822
63 2823
63 1743
64 2824
64 2131
64 2825
64 2826
64 2827
64 2828
64 2829
64 2830
64 2831
64 2832
64 2833
64 2834
64 2835
64 2836
64 2837
64 2838
64 2839
64 2840
64 2841
64 2842
64 2843
64 2844
64 2845
64 2846
64 2847
64 2144
64 2848
64 2849
64 2850
64 2851
64 2852
64 2853
64 2854
64 2855
64 2143
64 2856
64 2857
64 2858
64 2859
64 2860
64 2861
64 181
64 2862
64 2863
64 2864
64 2865
64 51
64 2866
64 2153
64 2867
64 2868
64 2869
64 2870
64 1428
64 2871
64 2872
64 2873
65 2874
65 2875
66 2876
66 2877
66 2878
66 2879
66 2880
66 2881
66 2882
67 2883
67 2884
67 2885
67 2886
67 2887
67 2888
67 2889
67 2890
67 2891
67 2892
67 2893
67 2894
67 2895
67 2896
67 2897
67 2898
67 2899
67 2900
67 2901
67 2902
67 2903
67 2904
67 2905
67 2906
67 2907
67 2908
67 2909
67 2910
67 2911
67 2912
67 2913
67 2914
67 2915
67 2916
67 2917
67 2918
67 2919
67 2920
67 2921
67 2922
67 2923
67 2924
67 2925
67 2926
67 2927
67 2928
67 2929
67 2930
67 2931
67 2932
67 2933
67 2934
67 2935
67 2936
67 2937
67 2938
67 2939
67 2940
67 2941
67 2942
67 2943
67 2944
67 2945
67 2946
67 2947
67 2948
67 2949
67 2950
67 2951
67 2952
67 2953
67 2954
68 2955
68 2956
68 2957
68 2958
68 2959
68 2960
68 2961
68 2962
68 2963
68 2964
68 2965
68 2966
68 2967
68 297
68 452
68 2968
69 2969
69 2970
69 2971
69 2972
69 2973
69 2974
69 2975
69 2976
69 2977
69 2978
69 456
69 2979
69 2810
69 2980
69 2981
69 2982
69 2983
69 2984
69 2985
69 2986
69 2987
69 250
69 2988
69 2989
69 175
69 2990
69 2991
69 2992
69 2993
69 2994
69 2995
69 2996
69 2997
69 2998
69 2999
69 3000
69 3001
69 3002
69 3003
69 3004
69 3005
69 3006
69 3007
69 3008
69 2052
69 3009
69 3010
69 3011
69 3012
69 3013
69 3014
69 3015
69 3016
69 3017
69 3018
69 3019
69 3020
69 3021
69 3022
69 3023
69 3024
69 3025
69 3026
69 3027
69 3028
69 3029
69 3030
69 70
69 3031
69 3032
69 3033
69 3034
72 3035
72 3036
72 2461
72 950
72 2463
72 3037
72 2464
72 3038
72 370
72 51
72 271
72 3039
72 480
72 2465
72 965
72 3040
72 3041
72 479
72 3042
72 330
72 3043
73 3044
73 3045
73 3046
73 3047
73 3048
73 3049
73 3050
73 3051
73 2865
73 3052
73 3053
73 3054
73 3055
73 3056
73 3057
73 2992
73 3058
73 3059
73 3060
73 3061
73 3062
73 3063
73 3064
73 3065
73 509
73 3066
73 3067
73 3068
73 3069
73 3070
73 3071
73 254
73 3072
73 3073
73 3074
73 513
73 1852
73 355
73 3075
73 3076
73 504
73 3077
73 2136
73 3078
73 3079
73 3080
73 3081
73 3082
73 3083
73 3084
73 3085
73 3086
73 157
73 3087
73 3088
73 2080
73 2812
73 3089
73 3090
73 3091
73 3092
73 3093
73 1868
73 3094
73 3095
73 3096
73 3097
73 3098
73 3099
73 3100
73 3101
73 2269
75 3102
76 3103
76 3104
76 104
76 3105
76 3106
76 564
77 3107
77 3108
77 2785
77 3109
77 2800
77 3110
77 3111
77 3112
77 3113
77 3114
77 3115
77 3116
77 2823
77 3117
77 1447
77 3118
77 3119
77 2822
77 2817
77 3120
77 3121
77 3122
77 3123
77 3124
77 2821
77 2816
77 3125
77 3126
77 3127
77 3128
78 3129
78 3130
78 3131
78 3132
78 3133
78 3134
78 3135
78 3136
79 3137
79 3138
79 3139
79 3140
79 3141
79 3142
79 3143
79 3144
79 3145
79 3146
79 3147
79 3148
79 3149
79 3150
79 3151
79 3152
79 3153
79 3154
79 3155
79 3156
79 3157
79 3158
79 3159
79 3160
79 3161
79 3162
79 3163
79 3164
79 3165
79 3166
79 3167
79 3168
79 3169
79 3170
79 3171
79 3172
79 3173
79 3174
79 3175
79 3176
79 3177
79 3178
79 3179
79 3180
79 3181
79 3182
79 3183
79 3184
79 3185
79 3186
79 3187
79 3029
79 2769
79 3188
79 3189
79 3190
79 3191
79 3192
79 3193
79 3194
80 2776
80 3195
80 3196
80 3197
80 3101
80 3198
80 3199
80 3200
80 3201
80 3202
80 3203
80 81
80 3204
80 3205
80 2790
80 3206
80 3207
80 3208
80 3209
80 3210
80 2796
80 3211
80 3212
80 3213
80 3214
80 3215
80 3216
80 39
80 3217
80 3218
80 3219
80 3220
80 2390
80 3221
80 2085
80 3222
80 3223
80 3224
80 3225
80 3226
80 2813
80 2781
80 3227
80 3228
80 3229
80 3230
80 3231
80 3232
80 2810
80 3233
80 3234
80 3235
80 3236
80 3237
80 3238
80 2799
80 3239
80 3240
80 3241
80 3242
80 2488
80 3243
80 3244
80 3245
80 3246
80 3247
80 3248
80 3249
80 3250
80 3251
80 3252
80 3253
81 3254
81 2780
81 3255
81 3256
81 3257
81 3258
81 3259
81 3260
81 3261
81 3262
81 3205
81 3263
81 3264
81 3200
81 3265
81 3266
81 3267
81 3268
81 2788
81 3269
81 3270
81 3198
81 3271
81 3272
81 3273
81 2786
81 3274
81 3275
81 3276
81 3277
81 3278
81 3279
81 3280
81 3281
81 3282
81 3283
81 3284
81 3285
81 2790
81 3286
81 3287
81 3288
81 3289
81 3290
81 3199
81 3202
81 3110
81 3291
81 3292
81 3293
81 3294
81 3295
81 3296
81 3297
81 3298
81 3299
81 3300
81 3301
81 3302
82 3303
82 3304
82 3305
82 3306
82 3307
82 3308
82 3309
82 3310
82 3311
82 3312
82 3313
82 3314
82 3315
82 3316
82 3317
82 3318
82 3319
82 3320
82 3321
82 3322
82 3323
82 3324
82 1813
83 3325
83 3326
83 3327
83 3328
83 3329
83 3330
83 3331
83 3332
83 3333
83 3334
83 3335
83 3336
83 3337
83 2746
83 2
83 3338
83 3339
83 3340
83 2753
83 3341
83 3342
83 3343
83 3344
83 3345
84 3346
84 3347
84 3348
84 3349
84 3350
84 3351
84 2454
84 3352
84 3353
84 3354
84 3355
84 3356
84 3357
84 3358
84 3359
84 3360
84 2752
84 3361
85 3362
85 1008
85 3363
85 3364
85 3365
85 3366
85 3367
85 3368
85 3369
85 3370
85 3371
85 3372
85 3373
85 3374
85 3375
85 3376
85 3377
85 646
85 3378
85 3379
85 3380
85 3381
85 3382
85 3383
85 3384
85 3385
85 3386
85 3387
85 3388
85 3389
85 3390
85 3391
85 3392
85 3393
85 3394
85 3395
85 3396
85 3397
85 3398
85 3399
85 3400
85 3401
85 3402
85 3403
85 3404
85 3405
85 3406
85 3407
85 3408
85 3409
85 3410
85 3411
85 3412
85 3413
85 3414
85 3415
85 3416
85 3417
85 3418
85 3419
87 3420
87 3421
87 3422
87 3423
87 3424
87 3425
87 3426
87 3427
87 3428
87 3429
87 3430
87 3431
87 3432
87 3433
87 3434
87 3435
87 3436
87 3437
87 3438
87 3439
87 3440
87 3441
87 3442
87 3443
87 3444
87 3445
87 3446
87 3447
87 3448
87 3449
87 3450
87 3451
87 3452
87 3453
87 3454
87 3455
87 3456
87 3457
87 3458
87 3459
87 3460
87 3461
87 3462
87 3463
87 3464
87 3465
87 3466
87 3467
87 3468
87 3469
87 3470
87 3471
87 3472
87 3473
87 3474
87 3475
87 3476
87 3477
87 3478
88 3479
89 3480
89 3481
89 3482
89 3483
89 3484
89 3485
89 861
89 3486
89 3487
89 1786
89 487
89 3488
89 3489
89 3490
89 3491
89 3492
89 3493
89 3494
89 3495
89 3496
89 3497
89 3498
89 3499
89 3500
89 3501
89 3502
89 3503
89 3504
89 3505
89 3506
89 1743
89 3507
89 3508
89 3509
89 3510
89 3511
89 3512
89 3513
89 1813
89 3514
89 3515
89 3516
89 3517
89 373
89 3518
89 3519
89 2774
89 3520
89 3324
89 3521
89 3522
89 3523
89 3524
89 3525
89 3526
89 3527
89 3528
89 3529
89 3530
89 3531
89 1810
89 3532
89 3533
89 3534
90 3535
90 3536
90 3537
90 3538
90 3539
90 112
90 3540
90 3541
90 3542
90 3543
90 3544
91 37
91 3545
91 3546
91 376
91 3547
91 383
91 2956
91 3548
91 3549
91 3550
91 324
91 3551
91 818
91 3552
91 3553
91 3554
94 3555
94 3556
94 3557
94 3558
94 3559
94 3560
94 3561
94 3562
94 3563
94 3564
94 3565
94 3566
94 3567
94 645
94 1837
94 3568
94 3569
94 3570
94 3571
94 3572
94 3573
94 3574
94 3575
94 3576
94 3577
94 3578
94 3579
94 3580
94 3581
94 3317
94 3582
94 3583
94 3584
94 3585
94 3586
94 3587
94 3588
94 1786
94 3589
94 3590
94 3591
94 3592
94 3593
94 3594
94 110
94 3595
94 3497
94 3596
95 3597
95 3598
95 3599
95 3600
95 3601
95 3602
95 3603
95 3604
97 3605
97 3606
97 3607
97 3608
97 3609
97 3610
97 3611
97 3612
97 3613
97 3614
97 3615
97 3616
97 3617
97 3618
97 3619
97 3620
97 3621
97 3622
97 3623
97 3624
97 3625
97 3626
97 3627
97 3628
97 3629
97 3630
97 3631
97 3632
97 3633
97 3634
97 3635
97 3636
97 3637
97 3638
97 3639
97 3640
97 3641
97 3642
97 3643
97 3644
97 3645
97 3646
97 3647
97 3648
97 3649
97 3650
97 3651
97 1453
97 3652
97 3653
97 3654
97 3655
97 3656
97 3657
97 3658
97 3659
97 3660
97 3661
97 3662
97 3663
98 3664
98 3665
98 3666
98 3667
98 3668
98 3669
98 3670
98 3671
98 3672
98 3673
98 3674
98 3675
98 3676
98 3677
98 3678
98 3679
98 3680
98 3681
98 3682
98 3683
98 3684
98 3685
98 3686
98 3687
98 3688
98 3689
98 3690
98 3691
98 3692
98 3693
98 3694
98 3695
98 3696
98 3697
98 3698
98 3699
98 3700
98 3701
98 3702
98 3703
98 3704
98 3705
98 3706
98 3707
98 3708
98 3709
98 3710
98 3711
98 3712
98 3713
98 3714
98 3715
98 3716
98 3717
98 3718
98 3719
98 3720
98 3721
98 3722
98 3723
99 3724
99 3725
99 2816
100 3726
100 3727
100 3728
100 3729
100 3730
100 3731
100 3732
100 3733
100 3734
100 3735
100 3736
100 3737
100 3738
100 3739
100 3740
100 3741
100 3742
100 3743
100 3744
100 2803
100 3745
100 3746
100 3747
100 3748
100 3749
100 3750
100 3751
100 3752
100 3753
100 3754
100 3755
100 3756
100 3757
100 2662
100 3758
102 3759
102 3760
102 3761
102 3762
102 3763
102 3764
102 3765
102 3766
102 3767
102 3518
102 3768
102 3769
102 3770
102 3771
102 3772
102 3773
102 3774
102 3775
102 3776
102 3777
102 3778
102 3779
102 3780
102 3781
102 3782
102 3783
102 3784
102 3785
102 3786
102 3787
102 3788
102 3789
102 3790
102 3791
102 3792
102 3793
102 3794
102 3795
102 3796
102 3797
102 3798
102 3799
102 3800
102 3801
102 3802
102 3803
102 3804
102 3805
102 3806
102 3807
102 3808
102 3809
102 3810
102 3811
102 3812
102 3813
102 3814
102 3815
102 1836
102 3816
102 1831
102 3817
102 3373
102 3818
102 3819
102 3820
102 2835
102 3821
102 3822
102 3823
102 3824
102 3825
103 3826
103 3827
103 3828
104 76
105 3829
105 3830
105 3831
105 3832
105 3833
105 3834
105 3835
105 3836
105 3837
105 3838
105 3839
105 3840
105 3841
105 3842
105 3843
105 3844
105 1655
105 3845
105 3846
105 2985
105 2758
105 3847
105 2745
105 3848
105 3849
105 3850
105 2161
105 3851
105 2757
105 3852
105 2749
105 3853
105 3854
105 2741
105 1180
105 2748
105 3629
105 3855
105 2454
105 3856
105 714
105 3857
105 707
105 537
105 360
105 3858
105 3859
105 3860
105 3861
105 3862
105 3863
105 3864
105 3865
105 3866
105 3867
105 3868
105 3869
105 3870
105 3345
105 3871
105 186
105 3872
105 1473
105 3873
105 3874
105 3875
105 3876
105 1135
105 3877
105 3878
105 3879
105 3880
106 3881
